energy,productivity,fun,hunger
0.609587,0.601682,0.713978,0.860234
0.609526,0.601654,0.713906,0.860148
0.609465,0.601627,0.713835,0.860062
0.609404,0.601599,0.713764,0.859976
0.609343,0.601571,0.713692,0.85989
0.609282,0.601544,0.713621,0.859804
0.609221,0.601516,0.71355,0.859718
0.60916,0.601488,0.713478,0.859632
0.609099,0.60146,0.713407,0.859546
0.609038,0.601433,0.713335,0.85946
0.608977,0.601405,0.713264,0.859374
0.608917,0.601377,0.713193,0.859288
0.608856,0.60135,0.713121,0.859202
0.608795,0.601322,0.71305,0.859116
0.608734,0.601294,0.712979,0.85903
0.608673,0.601267,0.712908,0.858944
0.608612,0.601239,0.712836,0.858858
0.608551,0.601211,0.712765,0.858772
0.60849,0.601184,0.712694,0.858687
0.60843,0.601156,0.712622,0.858601
0.608369,0.601128,0.712551,0.858515
0.608308,0.601101,0.71248,0.858429
0.608247,0.601073,0.712409,0.858343
0.608186,0.601045,0.712337,0.858257
0.608125,0.601018,0.712266,0.858171
0.608065,0.60099,0.712195,0.858086
0.608004,0.600962,0.712124,0.858
0.607943,0.600935,0.712053,0.857914
0.607882,0.600907,0.711981,0.857828
0.607821,0.60088,0.71191,0.857742
0.607761,0.600852,0.711839,0.857657
0.6077,0.600824,0.711768,0.857571
0.607639,0.600797,0.711697,0.857485
0.607578,0.600769,0.711625,0.857399
0.607518,0.600741,0.711554,0.857314
0.607457,0.600714,0.711483,0.857228
0.607396,0.600686,0.711412,0.857142
0.607335,0.600658,0.711341,0.857057
0.607275,0.600631,0.71127,0.856971
0.607214,0.600603,0.711199,0.856885
0.607153,0.600575,0.711127,0.856799
0.607092,0.600548,0.711056,0.856714
0.607032,0.60052,0.710985,0.856628
0.606971,0.600493,0.710914,0.856542
0.60691,0.600465,0.710843,0.856457
0.60685,0.600437,0.710772,0.856371
0.606789,0.60041,0.710701,0.856286
0.606728,0.600382,0.71063,0.8562
0.606668,0.600354,0.710559,0.856114
0.606607,0.600327,0.710488,0.856029
0.606546,0.600299,0.710417,0.855943
0.606486,0.600271,0.710346,0.855857
0.606425,0.600244,0.710275,0.855772
0.606364,0.600216,0.710204,0.855686
0.606304,0.600189,0.710133,0.855601
0.606243,0.600161,0.710061,0.855515
0.606182,0.600133,0.70999,0.85543
0.606122,0.600106,0.709919,0.855344
0.606061,0.600078,0.709848,0.855259
0.606001,0.600051,0.709778,0.855173
0.60594,0.600023,0.709707,0.855087
0.605879,0.599995,0.709636,0.855002
0.605819,0.599968,0.709565,0.854916
0.605758,0.59994,0.709494,0.854831
0.605698,0.599912,0.709423,0.854745
0.605637,0.599885,0.709352,0.85466
0.605577,0.599857,0.709281,0.854575
0.605516,0.59983,0.70921,0.854489
0.605455,0.599802,0.709139,0.854404
0.605395,0.599774,0.709068,0.854318
0.605334,0.599747,0.708997,0.854233
0.605274,0.599719,0.708926,0.854147
0.605213,0.599692,0.708855,0.854062
0.605153,0.599664,0.708784,0.853977
0.605092,0.599636,0.708714,0.853891
0.605032,0.599609,0.708643,0.853806
0.604971,0.599581,0.708572,0.85372
0.604911,0.599554,0.708501,0.853635
0.60485,0.599526,0.70843,0.85355
0.60479,0.599499,0.708359,0.853464
0.604729,0.599471,0.708288,0.853379
0.604669,0.599443,0.708218,0.853294
0.604608,0.599416,0.708147,0.853208
0.604548,0.599388,0.708076,0.853123
0.604487,0.599361,0.708005,0.853038
0.604427,0.599333,0.707934,0.852952
0.604367,0.599305,0.707864,0.852867
0.604306,0.599278,0.707793,0.852782
0.604246,0.59925,0.707722,0.852696
0.604185,0.599223,0.707651,0.852611
0.604125,0.599195,0.70758,0.852526
0.604064,0.599168,0.70751,0.852441
0.604004,0.59914,0.707439,0.852355
0.603944,0.599112,0.707368,0.85227
0.603883,0.599085,0.707298,0.852185
0.603823,0.599057,0.707227,0.8521
0.603762,0.59903,0.707156,0.852015
0.603702,0.599002,0.707085,0.851929
0.603642,0.598975,0.707015,0.851844
0.603581,0.598947,0.706944,0.851759
0.603521,0.598919,0.706873,0.851674
0.603461,0.598892,0.706803,0.851589
0.6034,0.598864,0.706732,0.851503
0.60334,0.598837,0.706661,0.851418
0.60328,0.598809,0.706591,0.851333
0.603219,0.598782,0.70652,0.851248
0.603159,0.598754,0.706449,0.851163
0.603099,0.598727,0.706379,0.851078
0.603038,0.598699,0.706308,0.850993
0.602978,0.598671,0.706237,0.850908
0.602918,0.598644,0.706167,0.850823
0.602857,0.598616,0.706096,0.850737
0.602797,0.598589,0.706025,0.850652
0.602737,0.598561,0.705955,0.850567
0.602677,0.598534,0.705884,0.850482
0.602616,0.598506,0.705814,0.850397
0.602556,0.598479,0.705743,0.850312
0.602496,0.598451,0.705673,0.850227
0.602436,0.598424,0.705602,0.850142
0.602375,0.598396,0.705531,0.850057
0.602315,0.598368,0.705461,0.849972
0.602255,0.598341,0.70539,0.849887
0.602195,0.598313,0.70532,0.849802
0.602134,0.598286,0.705249,0.849717
0.602074,0.598258,0.705179,0.849632
0.602014,0.598231,0.705108,0.849547
0.601954,0.598203,0.705038,0.849462
0.601894,0.598176,0.704967,0.849377
0.601833,0.598148,0.704897,0.849292
0.601773,0.598121,0.704826,0.849207
0.601713,0.598093,0.704756,0.849122
0.601653,0.598066,0.704685,0.849038
0.601593,0.598038,0.704615,0.848953
0.601533,0.598011,0.704544,0.848868
0.601472,0.597983,0.704474,0.848783
0.601412,0.597956,0.704403,0.848698
0.601352,0.597928,0.704333,0.848613
0.601292,0.597901,0.704263,0.848528
0.601232,0.597873,0.704192,0.848443
0.601172,0.597846,0.704122,0.848359
0.601112,0.597818,0.704051,0.848274
0.601051,0.597791,0.703981,0.848189
0.600991,0.597763,0.70391,0.848104
0.600931,0.597736,0.70384,0.848019
0.600871,0.597708,0.70377,0.847934
0.600811,0.59768,0.703699,0.84785
0.600751,0.597653,0.703629,0.847765
0.600691,0.597625,0.703559,0.84768
0.600631,0.597598,0.703488,0.847595
0.600571,0.59757,0.703418,0.847511
0.600511,0.597543,0.703348,0.847426
0.600451,0.597515,0.703277,0.847341
0.600391,0.597488,0.703207,0.847256
0.600331,0.597461,0.703137,0.847172
0.600271,0.597433,0.703066,0.847087
0.600211,0.597406,0.702996,0.847002
0.600151,0.597378,0.702926,0.846918
0.600091,0.597351,0.702855,0.846833
0.600031,0.597323,0.702785,0.846748
0.599971,0.597296,0.702715,0.846663
0.599911,0.597268,0.702644,0.846579
0.599851,0.597241,0.702574,0.846494
0.599791,0.597213,0.702504,0.846409
0.599731,0.597186,0.702434,0.846325
0.599671,0.597158,0.702363,0.84624
0.599611,0.597131,0.702293,0.846156
0.599551,0.597103,0.702223,0.846071
0.599491,0.597076,0.702153,0.845986
0.599431,0.597048,0.702083,0.845902
0.599371,0.597021,0.702012,0.845817
0.599311,0.596993,0.701942,0.845733
0.599251,0.596966,0.701872,0.845648
0.599191,0.596938,0.701802,0.845563
0.599131,0.596911,0.701732,0.845479
0.599071,0.596883,0.701661,0.845394
0.599011,0.596856,0.701591,0.84531
0.598951,0.596828,0.701521,0.845225
0.598891,0.596801,0.701451,0.845141
0.598832,0.596774,0.701381,0.845056
0.598772,0.596746,0.701311,0.844972
0.598712,0.596719,0.701241,0.844887
0.598652,0.596691,0.70117,0.844803
0.598592,0.596664,0.7011,0.844718
0.598532,0.596636,0.70103,0.844634
0.598472,0.596609,0.70096,0.844549
0.598413,0.596581,0.70089,0.844465
0.598353,0.596554,0.70082,0.84438
0.598293,0.596526,0.70075,0.844296
0.598233,0.596499,0.70068,0.844212
0.598173,0.596472,0.70061,0.844127
0.598113,0.596444,0.70054,0.844043
0.598054,0.596417,0.70047,0.843958
0.597994,0.596389,0.700399,0.843874
0.597934,0.596362,0.700329,0.84379
0.597874,0.596334,0.700259,0.843705
0.597814,0.596307,0.700189,0.843621
0.597755,0.596279,0.700119,0.843536
0.597695,0.596252,0.700049,0.843452
0.597635,0.596225,0.699979,0.843368
0.597575,0.596197,0.699909,0.843283
0.597516,0.59617,0.699839,0.843199
0.597456,0.596142,0.699769,0.843115
0.597396,0.596115,0.699699,0.84303
0.597336,0.596087,0.699629,0.842946
0.597277,0.59606,0.699559,0.842862
0.597217,0.596033,0.69949,0.842778
0.597157,0.596005,0.69942,0.842693
0.597097,0.595978,0.69935,0.842609
0.597038,0.59595,0.69928,0.842525
0.596978,0.595923,0.69921,0.84244
0.596918,0.595895,0.69914,0.842356
0.596859,0.595868,0.69907,0.842272
0.596799,0.595841,0.699,0.842188
0.596739,0.595813,0.69893,0.842104
0.59668,0.595786,0.69886,0.842019
0.59662,0.595758,0.69879,0.841935
0.59656,0.595731,0.69872,0.841851
0.596501,0.595703,0.698651,0.841767
0.596441,0.595676,0.698581,0.841683
0.596381,0.595649,0.698511,0.841598
0.596322,0.595621,0.698441,0.841514
0.596262,0.595594,0.698371,0.84143
0.596202,0.595566,0.698301,0.841346
0.596143,0.595539,0.698232,0.841262
0.596083,0.595512,0.698162,0.841178
0.596024,0.595484,0.698092,0.841094
0.595964,0.595457,0.698022,0.841009
0.595904,0.595429,0.697952,0.840925
0.595845,0.595402,0.697882,0.840841
0.595785,0.595375,0.697813,0.840757
0.595726,0.595347,0.697743,0.840673
0.595666,0.59532,0.697673,0.840589
0.595606,0.595292,0.697603,0.840505
0.595547,0.595265,0.697534,0.840421
0.595487,0.595238,0.697464,0.840337
0.595428,0.59521,0.697394,0.840253
0.595368,0.595183,0.697324,0.840169
0.595309,0.595155,0.697255,0.840085
0.595249,0.595128,0.697185,0.840001
0.59519,0.595101,0.697115,0.839917
0.59513,0.595073,0.697045,0.839833
0.595071,0.595046,0.696976,0.839749
0.595011,0.595019,0.696906,0.839665
0.594952,0.594991,0.696836,0.839581
0.594892,0.594964,0.696767,0.839497
0.594833,0.594936,0.696697,0.839413
0.594773,0.594909,0.696627,0.839329
0.594714,0.594882,0.696558,0.839245
0.594654,0.594854,0.696488,0.839161
0.594595,0.594827,0.696418,0.839077
0.594535,0.5948,0.696349,0.838993
0.594476,0.594772,0.696279,0.838909
0.594416,0.594745,0.696209,0.838826
0.594357,0.594717,0.69614,0.838742
0.594297,0.59469,0.69607,0.838658
0.594238,0.594663,0.696001,0.838574
0.594179,0.594635,0.695931,0.83849
0.594119,0.594608,0.695861,0.838406
0.59406,0.594581,0.695792,0.838322
0.594,0.594553,0.695722,0.838239
0.593941,0.594526,0.695653,0.838155
0.593882,0.594499,0.695583,0.838071
0.593822,0.594471,0.695514,0.837987
0.593763,0.594444,0.695444,0.837903
0.593703,0.594416,0.695374,0.83782
0.593644,0.594389,0.695305,0.837736
0.593585,0.594362,0.695235,0.837652
0.593525,0.594334,0.695166,0.837568
0.593466,0.594307,0.695096,0.837484
0.593407,0.59428,0.695027,0.837401
0.593347,0.594252,0.694957,0.837317
0.593288,0.594225,0.694888,0.837233
0.593229,0.594198,0.694818,0.83715
0.593169,0.59417,0.694749,0.837066
0.59311,0.594143,0.694679,0.836982
0.593051,0.594116,0.69461,0.836898
0.592991,0.594088,0.69454,0.836815
0.592932,0.594061,0.694471,0.836731
0.592873,0.594034,0.694402,0.836647
0.592814,0.594006,0.694332,0.836564
0.592754,0.593979,0.694263,0.83648
0.592695,0.593952,0.694193,0.836396
0.592636,0.593924,0.694124,0.836313
0.592576,0.593897,0.694054,0.836229
0.592517,0.59387,0.693985,0.836146
0.592458,0.593842,0.693916,0.836062
0.592399,0.593815,0.693846,0.835978
0.592339,0.593788,0.693777,0.835895
0.59228,0.59376,0.693708,0.835811
0.592221,0.593733,0.693638,0.835728
0.592162,0.593706,0.693569,0.835644
0.592103,0.593678,0.693499,0.83556
0.592043,0.593651,0.69343,0.835477
0.591984,0.593624,0.693361,0.835393
0.591925,0.593596,0.693291,0.83531
0.591866,0.593569,0.693222,0.835226
0.591807,0.593542,0.693153,0.835143
0.591747,0.593514,0.693083,0.835059
0.591688,0.593487,0.693014,0.834976
0.591629,0.59346,0.692945,0.834892
0.59157,0.593433,0.692876,0.834809
0.591511,0.593405,0.692806,0.834725
0.591452,0.593378,0.692737,0.834642
0.591392,0.593351,0.692668,0.834558
0.591333,0.593323,0.692598,0.834475
0.591274,0.593296,0.692529,0.834391
0.591215,0.593269,0.69246,0.834308
0.591156,0.593241,0.692391,0.834224
0.591097,0.593214,0.692321,0.834141
0.591038,0.593187,0.692252,0.834058
0.590979,0.593159,0.692183,0.833974
0.590919,0.593132,0.692114,0.833891
0.59086,0.593105,0.692045,0.833807
0.590801,0.593078,0.691975,0.833724
0.590742,0.59305,0.691906,0.833641
0.590683,0.593023,0.691837,0.833557
0.590624,0.592996,0.691768,0.833474
0.590565,0.592968,0.691699,0.833391
0.590506,0.592941,0.691629,0.833307
0.590447,0.592914,0.69156,0.833224
0.590388,0.592887,0.691491,0.833141
0.590329,0.592859,0.691422,0.833057
0.59027,0.592832,0.691353,0.832974
0.590211,0.592805,0.691284,0.832891
0.590152,0.592777,0.691215,0.832807
0.590093,0.59275,0.691145,0.832724
0.590034,0.592723,0.691076,0.832641
0.589975,0.592696,0.691007,0.832558
0.589916,0.592668,0.690938,0.832474
0.589857,0.592641,0.690869,0.832391
0.589798,0.592614,0.6908,0.832308
0.589739,0.592587,0.690731,0.832225
0.58968,0.592559,0.690662,0.832141
0.589621,0.592532,0.690593,0.832058
0.589562,0.592505,0.690524,0.831975
0.589503,0.592477,0.690455,0.831892
0.589444,0.59245,0.690386,0.831809
0.589385,0.592423,0.690316,0.831725
0.589326,0.592396,0.690247,0.831642
0.589267,0.592368,0.690178,0.831559
0.589208,0.592341,0.690109,0.831476
0.589149,0.592314,0.69004,0.831393
0.58909,0.592287,0.689971,0.83131
0.589031,0.592259,0.689902,0.831227
0.588973,0.592232,0.689833,0.831143
0.588914,0.592205,0.689764,0.83106
0.588855,0.592178,0.689695,0.830977
0.588796,0.59215,0.689626,0.830894
0.588737,0.592123,0.689558,0.830811
0.588678,0.592096,0.689489,0.830728
0.588619,0.592069,0.68942,0.830645
0.58856,0.592041,0.689351,0.830562
0.588502,0.592014,0.689282,0.830479
0.588443,0.591987,0.689213,0.830396
0.588384,0.59196,0.689144,0.830313
0.588325,0.591932,0.689075,0.83023
0.588266,0.591905,0.689006,0.830147
0.588207,0.591878,0.688937,0.830064
0.588149,0.591851,0.688868,0.829981
0.58809,0.591823,0.688799,0.829898
0.588031,0.591796,0.68873,0.829815
0.587972,0.591769,0.688662,0.829732
0.587913,0.591742,0.688593,0.829649
0.587855,0.591715,0.688524,0.829566
0.587796,0.591687,0.688455,0.829483
0.587737,0.59166,0.688386,0.8294
0.587678,0.591633,0.688317,0.829317
0.587619,0.591606,0.688249,0.829234
0.587561,0.591578,0.68818,0.829151
0.587502,0.591551,0.688111,0.829068
0.587443,0.591524,0.688042,0.828985
0.587384,0.591497,0.687973,0.828902
0.587326,0.59147,0.687904,0.828819
0.587267,0.591442,0.687836,0.828736
0.587208,0.591415,0.687767,0.828654
0.587149,0.591388,0.687698,0.828571
0.587091,0.591361,0.687629,0.828488
0.587032,0.591333,0.687561,0.828405
0.586973,0.591306,0.687492,0.828322
0.586915,0.591279,0.687423,0.828239
0.586856,0.591252,0.687354,0.828157
0.586797,0.591225,0.687286,0.828074
0.586739,0.591197,0.687217,0.827991
0.58668,0.59117,0.687148,0.827908
0.586621,0.591143,0.687079,0.827825
0.586563,0.591116,0.687011,0.827743
0.586504,0.591089,0.686942,0.82766
0.586445,0.591061,0.686873,0.827577
0.586387,0.591034,0.686805,0.827494
0.586328,0.591007,0.686736,0.827411
0.586269,0.59098,0.686667,0.827329
0.586211,0.590953,0.686599,0.827246
0.586152,0.590925,0.68653,0.827163
0.586093,0.590898,0.686461,0.827081
0.586035,0.590871,0.686393,0.826998
0.585976,0.590844,0.686324,0.826915
0.585918,0.590817,0.686255,0.826832
0.585859,0.590789,0.686187,0.82675
0.585801,0.590762,0.686118,0.826667
0.585742,0.590735,0.68605,0.826584
0.585683,0.590708,0.685981,0.826502
0.585625,0.590681,0.685912,0.826419
0.585566,0.590654,0.685844,0.826336
0.585508,0.590626,0.685775,0.826254
0.585449,0.590599,0.685707,0.826171
0.585391,0.590572,0.685638,0.826089
0.585332,0.590545,0.685569,0.826006
0.585274,0.590518,0.685501,0.825923
0.585215,0.59049,0.685432,0.825841
0.585156,0.590463,0.685364,0.825758
0.585098,0.590436,0.685295,0.825676
0.585039,0.590409,0.685227,0.825593
0.584981,0.590382,0.685158,0.825511
0.584922,0.590355,0.68509,0.825428
0.584864,0.590327,0.685021,0.825345
0.584805,0.5903,0.684953,0.825263
0.584747,0.590273,0.684884,0.82518
0.584688,0.590246,0.684816,0.825098
0.58463,0.590219,0.684747,0.825015
0.584572,0.590192,0.684679,0.824933
0.584513,0.590165,0.68461,0.82485
0.584455,0.590137,0.684542,0.824768
0.584396,0.59011,0.684473,0.824685
0.584338,0.590083,0.684405,0.824603
0.584279,0.590056,0.684336,0.82452
0.584221,0.590029,0.684268,0.824438
0.584162,0.590002,0.6842,0.824356
0.584104,0.589974,0.684131,0.824273
0.584046,0.589947,0.684063,0.824191
0.583987,0.58992,0.683994,0.824108
0.583929,0.589893,0.683926,0.824026
0.58387,0.589866,0.683858,0.823943
0.583812,0.589839,0.683789,0.823861
0.583754,0.589812,0.683721,0.823779
0.583695,0.589784,0.683652,0.823696
0.583637,0.589757,0.683584,0.823614
0.583579,0.58973,0.683516,0.823532
0.58352,0.589703,0.683447,0.823449
0.583462,0.589676,0.683379,0.823367
0.583404,0.589649,0.683311,0.823285
0.583345,0.589622,0.683242,0.823202
0.583287,0.589594,0.683174,0.82312
0.583229,0.589567,0.683106,0.823038
0.58317,0.58954,0.683037,0.822955
0.583112,0.589513,0.682969,0.822873
0.583054,0.589486,0.682901,0.822791
0.582995,0.589459,0.682833,0.822708
0.582937,0.589432,0.682764,0.822626
0.582879,0.589405,0.682696,0.822544
0.58282,0.589377,0.682628,0.822462
0.582762,0.58935,0.682559,0.822379
0.582704,0.589323,0.682491,0.822297
0.582646,0.589296,0.682423,0.822215
0.582587,0.589269,0.682355,0.822133
0.582529,0.589242,0.682286,0.82205
0.582471,0.589215,0.682218,0.821968
0.582413,0.589188,0.68215,0.821886
0.582354,0.589161,0.682082,0.821804
0.582296,0.589133,0.682014,0.821722
0.582238,0.589106,0.681945,0.82164
0.58218,0.589079,0.681877,0.821557
0.582121,0.589052,0.681809,0.821475
0.582063,0.589025,0.681741,0.821393
0.582005,0.588998,0.681673,0.821311
0.581947,0.588971,0.681604,0.821229
0.581889,0.588944,0.681536,0.821147
0.58183,0.588917,0.681468,0.821065
0.581772,0.588889,0.6814,0.820982
0.581714,0.588862,0.681332,0.8209
0.581656,0.588835,0.681264,0.820818
0.581598,0.588808,0.681196,0.820736
0.58154,0.588781,0.681127,0.820654
0.581481,0.588754,0.681059,0.820572
0.581423,0.588727,0.680991,0.82049
0.581365,0.5887,0.680923,0.820408
0.581307,0.588673,0.680855,0.820326
0.581249,0.588646,0.680787,0.820244
0.581191,0.588619,0.680719,0.820162
0.581133,0.588591,0.680651,0.82008
0.581074,0.588564,0.680583,0.819998
0.581016,0.588537,0.680515,0.819916
0.580958,0.58851,0.680447,0.819834
0.5809,0.588483,0.680379,0.819752
0.580842,0.588456,0.680311,0.81967
0.580784,0.588429,0.680243,0.819588
0.580726,0.588402,0.680175,0.819506
0.580668,0.588375,0.680107,0.819424
0.58061,0.588348,0.680038,0.819342
0.580552,0.588321,0.67997,0.81926
0.580494,0.588294,0.679902,0.819178
0.580436,0.588266,0.679835,0.819096
0.580378,0.588239,0.679767,0.819014
0.58032,0.588212,0.679699,0.818932
0.580261,0.588185,0.679631,0.818851
0.580203,0.588158,0.679563,0.818769
0.580145,0.588131,0.679495,0.818687
0.580087,0.588104,0.679427,0.818605
0.580029,0.588077,0.679359,0.818523
0.579971,0.58805,0.679291,0.818441
0.579913,0.588023,0.679223,0.818359
0.579855,0.587996,0.679155,0.818278
0.579797,0.587969,0.679087,0.818196
0.579739,0.587942,0.679019,0.818114
0.579681,0.587915,0.678951,0.818032
0.579624,0.587888,0.678883,0.81795
0.579566,0.587861,0.678815,0.817868
0.579508,0.587834,0.678748,0.817787
0.57945,0.587806,0.67868,0.817705
0.579392,0.587779,0.678612,0.817623
0.579334,0.587752,0.678544,0.817541
0.579276,0.587725,0.678476,0.81746
0.579218,0.587698,0.678408,0.817378
0.57916,0.587671,0.67834,0.817296
0.579102,0.587644,0.678273,0.817214
0.579044,0.587617,0.678205,0.817133
0.578986,0.58759,0.678137,0.817051
0.578928,0.587563,0.678069,0.816969
0.57887,0.587536,0.678001,0.816888
0.578813,0.587509,0.677934,0.816806
0.578755,0.587482,0.677866,0.816724
0.578697,0.587455,0.677798,0.816643
0.578639,0.587428,0.67773,0.816561
0.578581,0.587401,0.677662,0.816479
0.578523,0.587374,0.677595,0.816398
0.578465,0.587347,0.677527,0.816316
0.578408,0.58732,0.677459,0.816234
0.57835,0.587293,0.677391,0.816153
0.578292,0.587266,0.677324,0.816071
0.578234,0.587239,0.677256,0.815989
0.578176,0.587212,0.677188,0.815908
0.578118,0.587185,0.67712,0.815826
0.578061,0.587158,0.677053,0.815745
0.578003,0.587131,0.676985,0.815663
0.577945,0.587104,0.676917,0.815582
0.577887,0.587077,0.67685,0.8155
0.577829,0.58705,0.676782,0.815418
0.577772,0.587023,0.676714,0.815337
0.577714,0.586996,0.676647,0.815255
0.577656,0.586969,0.676579,0.815174
0.577598,0.586942,0.676511,0.815092
0.577541,0.586914,0.676444,0.815011
0.577483,0.586887,0.676376,0.814929
0.577425,0.58686,0.676308,0.814848
0.577367,0.586833,0.676241,0.814766
0.57731,0.586806,0.676173,0.814685
0.577252,0.586779,0.676105,0.814603
0.577194,0.586752,0.676038,0.814522
0.577136,0.586725,0.67597,0.81444
0.577079,0.586698,0.675903,0.814359
0.577021,0.586671,0.675835,0.814278
0.576963,0.586644,0.675768,0.814196
0.576906,0.586617,0.6757,0.814115
0.576848,0.58659,0.675632,0.814033
0.57679,0.586563,0.675565,0.813952
0.576732,0.586536,0.675497,0.813871
0.576675,0.58651,0.67543,0.813789
0.576617,0.586483,0.675362,0.813708
0.576559,0.586456,0.675295,0.813626
0.576502,0.586429,0.675227,0.813545
0.576444,0.586402,0.67516,0.813464
0.576387,0.586375,0.675092,0.813382
0.576329,0.586348,0.675025,0.813301
0.576271,0.586321,0.674957,0.81322
0.576214,0.586294,0.67489,0.813138
0.576156,0.586267,0.674822,0.813057
0.576098,0.58624,0.674755,0.812976
0.576041,0.586213,0.674687,0.812894
0.575983,0.586186,0.67462,0.812813
0.575926,0.586159,0.674552,0.812732
0.575868,0.586132,0.674485,0.812651
0.57581,0.586105,0.674417,0.812569
0.575753,0.586078,0.67435,0.812488
0.575695,0.586051,0.674282,0.812407
0.575638,0.586024,0.674215,0.812326
0.57558,0.585997,0.674148,0.812244
0.575523,0.58597,0.67408,0.812163
0.575465,0.585943,0.674013,0.812082
0.575407,0.585916,0.673945,0.812001
0.57535,0.585889,0.673878,0.811919
0.575292,0.585862,0.673811,0.811838
0.575235,0.585835,0.673743,0.811757
0.575177,0.585808,0.673676,0.811676
0.57512,0.585781,0.673608,0.811595
0.575062,0.585754,0.673541,0.811514
0.575005,0.585727,0.673474,0.811432
0.574947,0.5857,0.673406,0.811351
0.57489,0.585673,0.673339,0.81127
0.574832,0.585646,0.673272,0.811189
0.574775,0.58562,0.673204,0.811108
0.574717,0.585593,0.673137,0.811027
0.57466,0.585566,0.67307,0.810946
0.574602,0.585539,0.673002,0.810865
0.574545,0.585512,0.672935,0.810784
0.574487,0.585485,0.672868,0.810702
0.57443,0.585458,0.672801,0.810621
0.574373,0.585431,0.672733,0.81054
0.574315,0.585404,0.672666,0.810459
0.574258,0.585377,0.672599,0.810378
0.5742,0.58535,0.672531,0.810297
0.574143,0.585323,0.672464,0.810216
0.574085,0.585296,0.672397,0.810135
0.574028,0.585269,0.67233,0.810054
0.573971,0.585242,0.672262,0.809973
0.573913,0.585215,0.672195,0.809892
0.573856,0.585188,0.672128,0.809811
0.573798,0.585162,0.672061,0.80973
0.573741,0.585135,0.671994,0.809649
0.573684,0.585108,0.671926,0.809568
0.573626,0.585081,0.671859,0.809487
0.573569,0.585054,0.671792,0.809406
0.573512,0.585027,0.671725,0.809325
0.573454,0.585,0.671658,0.809244
0.573397,0.584973,0.671591,0.809164
0.57334,0.584946,0.671523,0.809083
0.573282,0.584919,0.671456,0.809002
0.573225,0.584892,0.671389,0.808921
0.573168,0.584865,0.671322,0.80884
0.57311,0.584839,0.671255,0.808759
0.573053,0.584812,0.671188,0.808678
0.572996,0.584785,0.671121,0.808597
0.572938,0.584758,0.671053,0.808516
0.572881,0.584731,0.670986,0.808436
0.572824,0.584704,0.670919,0.808355
0.572767,0.584677,0.670852,0.808274
0.572709,0.58465,0.670785,0.808193
0.572652,0.584623,0.670718,0.808112
0.572595,0.584596,0.670651,0.808031
0.572537,0.584569,0.670584,0.807951
0.57248,0.584543,0.670517,0.80787
0.572423,0.584516,0.67045,0.807789
0.572366,0.584489,0.670383,0.807708
0.572308,0.584462,0.670316,0.807627
0.572251,0.584435,0.670249,0.807547
0.572194,0.584408,0.670182,0.807466
0.572137,0.584381,0.670115,0.807385
0.57208,0.584354,0.670048,0.807304
0.572022,0.584327,0.669981,0.807224
0.571965,0.5843,0.669914,0.807143
0.571908,0.584274,0.669847,0.807062
0.571851,0.584247,0.66978,0.806982
0.571794,0.58422,0.669713,0.806901
0.571736,0.584193,0.669646,0.80682
0.571679,0.584166,0.669579,0.80674
0.571622,0.584139,0.669512,0.806659
0.571565,0.584112,0.669445,0.806578
0.571508,0.584085,0.669378,0.806498
0.571451,0.584059,0.669311,0.806417
0.571393,0.584032,0.669244,0.806336
0.571336,0.584005,0.669177,0.806256
0.571279,0.583978,0.66911,0.806175
0.571222,0.583951,0.669043,0.806094
0.571165,0.583924,0.668976,0.806014
0.571108,0.583897,0.668909,0.805933
0.571051,0.58387,0.668842,0.805853
0.570994,0.583844,0.668776,0.805772
0.570937,0.583817,0.668709,0.805691
0.570879,0.58379,0.668642,0.805611
0.570822,0.583763,0.668575,0.80553
0.570765,0.583736,0.668508,0.80545
0.570708,0.583709,0.668441,0.805369
0.570651,0.583682,0.668374,0.805289
0.570594,0.583656,0.668308,0.805208
0.570537,0.583629,0.668241,0.805128
0.57048,0.583602,0.668174,0.805047
0.570423,0.583575,0.668107,0.804967
0.570366,0.583548,0.66804,0.804886
0.570309,0.583521,0.667974,0.804806
0.570252,0.583494,0.667907,0.804725
0.570195,0.583468,0.66784,0.804645
0.570138,0.583441,0.667773,0.804564
0.570081,0.583414,0.667706,0.804484
0.570024,0.583387,0.66764,0.804403
0.569967,0.58336,0.667573,0.804323
0.56991,0.583333,0.667506,0.804242
0.569853,0.583306,0.667439,0.804162
0.569796,0.58328,0.667373,0.804082
0.569739,0.583253,0.667306,0.804001
0.569682,0.583226,0.667239,0.803921
0.569625,0.583199,0.667172,0.80384
0.569568,0.583172,0.667106,0.80376
0.569511,0.583145,0.667039,0.80368
0.569454,0.583119,0.666972,0.803599
0.569397,0.583092,0.666906,0.803519
0.56934,0.583065,0.666839,0.803439
0.569283,0.583038,0.666772,0.803358
0.569226,0.583011,0.666706,0.803278
0.569169,0.582984,0.666639,0.803198
0.569112,0.582958,0.666572,0.803117
0.569055,0.582931,0.666506,0.803037
0.568999,0.582904,0.666439,0.802957
0.568942,0.582877,0.666372,0.802876
0.568885,0.58285,0.666306,0.802796
0.568828,0.582823,0.666239,0.802716
0.568771,0.582797,0.666172,0.802635
0.568714,0.58277,0.666106,0.802555
0.568657,0.582743,0.666039,0.802475
0.5686,0.582716,0.665972,0.802395
0.568543,0.582689,0.665906,0.802314
0.568487,0.582663,0.665839,0.802234
0.56843,0.582636,0.665773,0.802154
0.568373,0.582609,0.665706,0.802074
0.568316,0.582582,0.66564,0.801994
0.568259,0.582555,0.665573,0.801913
0.568202,0.582529,0.665506,0.801833
0.568146,0.582502,0.66544,0.801753
0.568089,0.582475,0.665373,0.801673
0.568032,0.582448,0.665307,0.801593
0.567975,0.582421,0.66524,0.801512
0.567918,0.582395,0.665174,0.801432
0.567862,0.582368,0.665107,0.801352
0.567805,0.582341,0.665041,0.801272
0.567748,0.582314,0.664974,0.801192
0.567691,0.582287,0.664908,0.801112
0.567635,0.582261,0.664841,0.801032
0.567578,0.582234,0.664775,0.800952
0.567521,0.582207,0.664708,0.800871
0.567464,0.58218,0.664642,0.800791
0.567407,0.582153,0.664575,0.800711
0.567351,0.582127,0.664509,0.800631
0.567294,0.5821,0.664442,0.800551
0.567237,0.582073,0.664376,0.800471
0.567181,0.582046,0.66431,0.800391
0.567124,0.582019,0.664243,0.800311
0.567067,0.581993,0.664177,0.800231
0.56701,0.581966,0.66411,0.800151
0.566954,0.581939,0.664044,0.800071
0.566897,0.581912,0.663977,0.799991
0.56684,0.581886,0.663911,0.799911
0.566784,0.581859,0.663845,0.799831
0.566727,0.581832,0.663778,0.799751
0.56667,0.581805,0.663712,0.799671
0.566614,0.581778,0.663646,0.799591
0.566557,0.581752,0.663579,0.799511
0.5665,0.581725,0.663513,0.799431
0.566444,0.581698,0.663446,0.799351
0.566387,0.581671,0.66338,0.799271
0.56633,0.581645,0.663314,0.799191
0.566274,0.581618,0.663247,0.799111
0.566217,0.581591,0.663181,0.799032
0.56616,0.581564,0.663115,0.798952
0.566104,0.581538,0.663049,0.798872
0.566047,0.581511,0.662982,0.798792
0.565991,0.581484,0.662916,0.798712
0.565934,0.581457,0.66285,0.798632
0.565877,0.58143,0.662783,0.798552
0.565821,0.581404,0.662717,0.798472
0.565764,0.581377,0.662651,0.798393
0.565708,0.58135,0.662585,0.798313
0.565651,0.581323,0.662518,0.798233
0.565595,0.581297,0.662452,0.798153
0.565538,0.58127,0.662386,0.798073
0.565481,0.581243,0.66232,0.797993
0.565425,0.581216,0.662253,0.797914
0.565368,0.58119,0.662187,0.797834
0.565312,0.581163,0.662121,0.797754
0.565255,0.581136,0.662055,0.797674
0.565199,0.58111,0.661988,0.797594
0.565142,0.581083,0.661922,0.797515
0.565086,0.581056,0.661856,0.797435
0.565029,0.581029,0.66179,0.797355
0.564973,0.581003,0.661724,0.797275
0.564916,0.580976,0.661657,0.797196
0.56486,0.580949,0.661591,0.797116
0.564803,0.580922,0.661525,0.797036
0.564747,0.580896,0.661459,0.796957
0.56469,0.580869,0.661393,0.796877
0.564634,0.580842,0.661327,0.796797
0.564577,0.580815,0.661261,0.796718
0.564521,0.580789,0.661194,0.796638
0.564464,0.580762,0.661128,0.796558
0.564408,0.580735,0.661062,0.796479
0.564352,0.580709,0.660996,0.796399
0.564295,0.580682,0.66093,0.796319
0.564239,0.580655,0.660864,0.79624
0.564182,0.580628,0.660798,0.79616
0.564126,0.580602,0.660732,0.79608
0.564069,0.580575,0.660666,0.796001
0.564013,0.580548,0.6606,0.795921
0.563957,0.580521,0.660534,0.795842
0.5639,0.580495,0.660468,0.795762
0.563844,0.580468,0.660401,0.795682
0.563787,0.580441,0.660335,0.795603
0.563731,0.580415,0.660269,0.795523
0.563675,0.580388,0.660203,0.795444
0.563618,0.580361,0.660137,0.795364
0.563562,0.580335,0.660071,0.795285
0.563506,0.580308,0.660005,0.795205
0.563449,0.580281,0.659939,0.795126
0.563393,0.580254,0.659873,0.795046
0.563337,0.580228,0.659807,0.794967
0.56328,0.580201,0.659741,0.794887
0.563224,0.580174,0.659675,0.794808
0.563168,0.580148,0.659609,0.794728
0.563111,0.580121,0.659543,0.794649
0.563055,0.580094,0.659478,0.794569
0.562999,0.580068,0.659412,0.79449
0.562942,0.580041,0.659346,0.79441
0.562886,0.580014,0.65928,0.794331
0.56283,0.579987,0.659214,0.794251
0.562774,0.579961,0.659148,0.794172
0.562717,0.579934,0.659082,0.794093
0.562661,0.579907,0.659016,0.794013
0.562605,0.579881,0.65895,0.793934
0.562548,0.579854,0.658884,0.793854
0.562492,0.579827,0.658818,0.793775
0.562436,0.579801,0.658752,0.793696
0.56238,0.579774,0.658687,0.793616
0.562323,0.579747,0.658621,0.793537
0.562267,0.579721,0.658555,0.793458
0.562211,0.579694,0.658489,0.793378
0.562155,0.579667,0.658423,0.793299
0.562099,0.579641,0.658357,0.79322
0.562042,0.579614,0.658291,0.79314
0.561986,0.579587,0.658226,0.793061
0.56193,0.579561,0.65816,0.792982
0.561874,0.579534,0.658094,0.792902
0.561818,0.579507,0.658028,0.792823
0.561761,0.579481,0.657962,0.792744
0.561705,0.579454,0.657897,0.792664
0.561649,0.579427,0.657831,0.792585
0.561593,0.579401,0.657765,0.792506
0.561537,0.579374,0.657699,0.792427
0.561481,0.579347,0.657633,0.792347
0.561424,0.579321,0.657568,0.792268
0.561368,0.579294,0.657502,0.792189
0.561312,0.579267,0.657436,0.79211
0.561256,0.579241,0.65737,0.792031
0.5612,0.579214,0.657305,0.791951
0.561144,0.579187,0.657239,0.791872
0.561088,0.579161,0.657173,0.791793
0.561032,0.579134,0.657108,0.791714
0.560975,0.579107,0.657042,0.791635
0.560919,0.579081,0.656976,0.791555
0.560863,0.579054,0.65691,0.791476
0.560807,0.579027,0.656845,0.791397
0.560751,0.579001,0.656779,0.791318
0.560695,0.578974,0.656713,0.791239
0.560639,0.578947,0.656648,0.79116
0.560583,0.578921,0.656582,0.791081
0.560527,0.578894,0.656516,0.791002
0.560471,0.578868,0.656451,0.790922
0.560415,0.578841,0.656385,0.790843
0.560359,0.578814,0.656319,0.790764
0.560303,0.578788,0.656254,0.790685
0.560247,0.578761,0.656188,0.790606
0.560191,0.578734,0.656123,0.790527
0.560135,0.578708,0.656057,0.790448
0.560079,0.578681,0.655991,0.790369
0.560023,0.578654,0.655926,0.79029
0.559967,0.578628,0.65586,0.790211
0.559911,0.578601,0.655795,0.790132
0.559855,0.578575,0.655729,0.790053
0.559799,0.578548,0.655663,0.789974
0.559743,0.578521,0.655598,0.789895
0.559687,0.578495,0.655532,0.789816
0.559631,0.578468,0.655467,0.789737
0.559575,0.578441,0.655401,0.789658
0.559519,0.578415,0.655336,0.789579
0.559463,0.578388,0.65527,0.7895
0.559407,0.578362,0.655205,0.789421
0.559351,0.578335,0.655139,0.789342
0.559295,0.578308,0.655074,0.789263
0.559239,0.578282,0.655008,0.789184
0.559183,0.578255,0.654943,0.789105
0.559127,0.578229,0.654877,0.789026
0.559071,0.578202,0.654812,0.788947
0.559015,0.578175,0.654746,0.788869
0.558959,0.578149,0.654681,0.78879
0.558904,0.578122,0.654615,0.788711
0.558848,0.578096,0.65455,0.788632
0.558792,0.578069,0.654484,0.788553
0.558736,0.578042,0.654419,0.788474
0.55868,0.578016,0.654353,0.788395
0.558624,0.577989,0.654288,0.788317
0.558568,0.577963,0.654222,0.788238
0.558512,0.577936,0.654157,0.788159
0.558457,0.577909,0.654092,0.78808
0.558401,0.577883,0.654026,0.788001
0.558345,0.577856,0.653961,0.787922
0.558289,0.57783,0.653895,0.787844
0.558233,0.577803,0.65383,0.787765
0.558177,0.577776,0.653765,0.787686
0.558122,0.57775,0.653699,0.787607
0.558066,0.577723,0.653634,0.787529
0.55801,0.577697,0.653569,0.78745
0.557954,0.57767,0.653503,0.787371
0.557898,0.577643,0.653438,0.787292
0.557843,0.577617,0.653373,0.787214
0.557787,0.57759,0.653307,0.787135
0.557731,0.577564,0.653242,0.787056
0.557675,0.577537,0.653177,0.786977
0.55762,0.577511,0.653111,0.786899
0.557564,0.577484,0.653046,0.78682
0.557508,0.577457,0.652981,0.786741
0.557452,0.577431,0.652915,0.786663
0.557396,0.577404,0.65285,0.786584
0.557341,0.577378,0.652785,0.786505
0.557285,0.577351,0.652719,0.786427
0.557229,0.577325,0.652654,0.786348
0.557174,0.577298,0.652589,0.786269
0.557118,0.577271,0.652524,0.786191
0.557062,0.577245,0.652458,0.786112
0.557006,0.577218,0.652393,0.786034
0.556951,0.577192,0.652328,0.785955
0.556895,0.577165,0.652263,0.785876
0.556839,0.577139,0.652197,0.785798
0.556784,0.577112,0.652132,0.785719
0.556728,0.577086,0.652067,0.785641
0.556672,0.577059,0.652002,0.785562
0.556617,0.577032,0.651937,0.785484
0.556561,0.577006,0.651871,0.785405
0.556505,0.576979,0.651806,0.785326
0.55645,0.576953,0.651741,0.785248
0.556394,0.576926,0.651676,0.785169
0.556338,0.5769,0.651611,0.785091
0.556283,0.576873,0.651546,0.785012
0.556227,0.576847,0.65148,0.784934
0.556172,0.57682,0.651415,0.784855
0.556116,0.576793,0.65135,0.784777
0.55606,0.576767,0.651285,0.784698
0.556005,0.57674,0.65122,0.78462
0.555949,0.576714,0.651155,0.784542
0.555893,0.576687,0.65109,0.784463
0.555838,0.576661,0.651024,0.784385
0.555782,0.576634,0.650959,0.784306
0.555727,0.576608,0.650894,0.784228
0.555671,0.576581,0.650829,0.784149
0.555616,0.576555,0.650764,0.784071
0.55556,0.576528,0.650699,0.783992
0.555504,0.576502,0.650634,0.783914
0.555449,0.576475,0.650569,0.783836
0.555393,0.576449,0.650504,0.783757
0.555338,0.576422,0.650439,0.783679
0.555282,0.576395,0.650374,0.783601
0.555227,0.576369,0.650309,0.783522
0.555171,0.576342,0.650244,0.783444
0.555116,0.576316,0.650179,0.783366
0.55506,0.576289,0.650114,0.783287
0.555005,0.576263,0.650049,0.783209
0.554949,0.576236,0.649984,0.783131
0.554894,0.57621,0.649919,0.783052
0.554838,0.576183,0.649854,0.782974
0.554783,0.576157,0.649789,0.782896
0.554727,0.57613,0.649724,0.782817
0.554672,0.576104,0.649659,0.782739
0.554616,0.576077,0.649594,0.782661
0.554561,0.576051,0.649529,0.782583
0.554505,0.576024,0.649464,0.782504
0.55445,0.575998,0.649399,0.782426
0.554395,0.575971,0.649334,0.782348
0.554339,0.575945,0.649269,0.78227
0.554284,0.575918,0.649204,0.782191
0.554228,0.575892,0.649139,0.782113
0.554173,0.575865,0.649074,0.782035
0.554117,0.575839,0.649009,0.781957
0.554062,0.575812,0.648944,0.781878
0.554007,0.575786,0.64888,0.7818
0.553951,0.575759,0.648815,0.781722
0.553896,0.575733,0.64875,0.781644
0.55384,0.575706,0.648685,0.781566
0.553785,0.57568,0.64862,0.781488
0.55373,0.575653,0.648555,0.781409
0.553674,0.575627,0.64849,0.781331
0.553619,0.5756,0.648425,0.781253
0.553564,0.575574,0.648361,0.781175
0.553508,0.575547,0.648296,0.781097
0.553453,0.575521,0.648231,0.781019
0.553397,0.575494,0.648166,0.780941
0.553342,0.575468,0.648101,0.780863
0.553287,0.575441,0.648036,0.780785
0.553231,0.575415,0.647972,0.780706
0.553176,0.575388,0.647907,0.780628
0.553121,0.575362,0.647842,0.78055
0.553065,0.575335,0.647777,0.780472
0.55301,0.575309,0.647713,0.780394
0.552955,0.575283,0.647648,0.780316
0.5529,0.575256,0.647583,0.780238
0.552844,0.57523,0.647518,0.78016
0.552789,0.575203,0.647453,0.780082
0.552734,0.575177,0.647389,0.780004
0.552678,0.57515,0.647324,0.779926
0.552623,0.575124,0.647259,0.779848
0.552568,0.575097,0.647195,0.77977
0.552513,0.575071,0.64713,0.779692
0.552457,0.575044,0.647065,0.779614
0.552402,0.575018,0.647,0.779536
0.552347,0.574991,0.646936,0.779458
0.552292,0.574965,0.646871,0.77938
0.552236,0.574938,0.646806,0.779302
0.552181,0.574912,0.646742,0.779224
0.552126,0.574886,0.646677,0.779147
0.552071,0.574859,0.646612,0.779069
0.552016,0.574833,0.646548,0.778991
0.55196,0.574806,0.646483,0.778913
0.551905,0.57478,0.646418,0.778835
0.55185,0.574753,0.646354,0.778757
0.551795,0.574727,0.646289,0.778679
0.55174,0.5747,0.646224,0.778601
0.551684,0.574674,0.64616,0.778523
0.551629,0.574647,0.646095,0.778446
0.551574,0.574621,0.646031,0.778368
0.551519,0.574595,0.645966,0.77829
0.551464,0.574568,0.645901,0.778212
0.551409,0.574542,0.645837,0.778134
0.551354,0.574515,0.645772,0.778056
0.551298,0.574489,0.645708,0.777979
0.551243,0.574462,0.645643,0.777901
0.551188,0.574436,0.645578,0.777823
0.551133,0.57441,0.645514,0.777745
0.551078,0.574383,0.645449,0.777667
0.551023,0.574357,0.645385,0.77759
0.550968,0.57433,0.64532,0.777512
0.550913,0.574304,0.645256,0.777434
0.550858,0.574277,0.645191,0.777356
0.550802,0.574251,0.645127,0.777279
0.550747,0.574225,0.645062,0.777201
0.550692,0.574198,0.644998,0.777123
0.550637,0.574172,0.644933,0.777046
0.550582,0.574145,0.644869,0.776968
0.550527,0.574119,0.644804,0.77689
0.550472,0.574092,0.64474,0.776812
0.550417,0.574066,0.644675,0.776735
0.550362,0.57404,0.644611,0.776657
0.550307,0.574013,0.644546,0.776579
0.550252,0.573987,0.644482,0.776502
0.550197,0.57396,0.644417,0.776424
0.550142,0.573934,0.644353,0.776347
0.550087,0.573908,0.644289,0.776269
0.550032,0.573881,0.644224,0.776191
0.549977,0.573855,0.64416,0.776114
0.549922,0.573828,0.644095,0.776036
0.549867,0.573802,0.644031,0.775958
0.549812,0.573775,0.643966,0.775881
0.549757,0.573749,0.643902,0.775803
0.549702,0.573723,0.643838,0.775726
0.549647,0.573696,0.643773,0.775648
0.549592,0.57367,0.643709,0.775571
0.549537,0.573643,0.643645,0.775493
0.549482,0.573617,0.64358,0.775415
0.549427,0.573591,0.643516,0.775338
0.549372,0.573564,0.643451,0.77526
0.549317,0.573538,0.643387,0.775183
0.549262,0.573512,0.643323,0.775105
0.549207,0.573485,0.643258,0.775028
0.549152,0.573459,0.643194,0.77495
0.549098,0.573432,0.64313,0.774873
0.549043,0.573406,0.643066,0.774795
0.548713,0.57338,0.643001,0.774718
0.548384,0.573353,0.642937,0.77464
0.548055,0.573327,0.642873,0.774563
0.547726,0.5733,0.642808,0.774485
0.547398,0.573274,0.642744,0.774408
0.547069,0.573248,0.64268,0.774331
0.546741,0.573221,0.642616,0.774253
0.546413,0.573195,0.642551,0.774176
0.546085,0.573169,0.642487,0.774098
0.545758,0.573142,0.642423,0.774021
0.54543,0.573116,0.642359,0.773943
0.545103,0.573089,0.642294,0.773866
0.544776,0.573063,0.64223,0.773789
0.544449,0.573037,0.642166,0.773711
0.544122,0.57301,0.642102,0.773634
0.543796,0.572984,0.642037,0.773557
0.54347,0.572958,0.641973,0.773479
0.543144,0.572931,0.641909,0.773402
0.542818,0.572905,0.641845,0.773325
0.542492,0.572878,0.641781,0.773247
0.542167,0.572852,0.641716,0.77317
0.541841,0.572826,0.641652,0.773093
0.541516,0.572799,0.641588,0.773015
0.541191,0.572773,0.641524,0.772938
0.540867,0.572747,0.64146,0.772861
0.540542,0.57272,0.641396,0.772783
0.540218,0.572694,0.641331,0.772706
0.539894,0.572668,0.641267,0.772629
0.53957,0.572641,0.641203,0.772552
0.539246,0.572615,0.641139,0.772474
0.538923,0.572589,0.641075,0.772397
0.538599,0.572562,0.641011,0.77232
0.538276,0.572536,0.640947,0.772243
0.537953,0.572509,0.640883,0.772165
0.53763,0.572483,0.640819,0.772088
0.537308,0.572457,0.640755,0.772011
0.536986,0.57243,0.64069,0.771934
0.536663,0.572404,0.640626,0.771857
0.536341,0.572378,0.640562,0.771779
0.53602,0.572351,0.640498,0.771702
0.535698,0.572325,0.640434,0.771625
0.535377,0.572299,0.64037,0.771548
0.535055,0.572272,0.640306,0.771471
0.534734,0.572246,0.640242,0.771394
0.534414,0.57222,0.640178,0.771316
0.534093,0.572193,0.640114,0.771239
0.533773,0.572167,0.64005,0.771162
0.533452,0.572141,0.639986,0.771085
0.533132,0.572114,0.639922,0.771008
0.532812,0.572088,0.639858,0.770931
0.532493,0.572062,0.639794,0.770854
0.532173,0.572035,0.63973,0.770777
0.531854,0.572009,0.639666,0.7707
0.531535,0.571983,0.639602,0.770622
0.531322,0.572528,0.639282,0.770545
0.53111,0.573075,0.638963,0.770468
0.530897,0.573621,0.638643,0.770391
0.530685,0.574168,0.638324,0.770314
0.530473,0.574716,0.638005,0.770237
0.530261,0.575264,0.637686,0.77016
0.530049,0.575813,0.637367,0.770083
0.529837,0.576363,0.637048,0.770006
0.529625,0.576912,0.63673,0.769929
0.529413,0.577463,0.636412,0.769852
0.529201,0.578014,0.636093,0.769775
0.528989,0.578565,0.635775,0.769698
0.528778,0.579117,0.635458,0.769621
0.528566,0.579669,0.63514,0.769544
0.528355,0.580222,0.634822,0.769467
0.528144,0.580776,0.634505,0.76939
0.527932,0.58133,0.634188,0.769313
0.527721,0.581884,0.633871,0.769237
0.52751,0.582439,0.633554,0.76916
0.527299,0.582995,0.633237,0.769083
0.527088,0.583551,0.63292,0.769006
0.526877,0.584108,0.632604,0.768929
0.526667,0.584665,0.632288,0.768852
0.526456,0.585223,0.631972,0.768775
0.526245,0.585781,0.631656,0.768698
0.526035,0.58634,0.63134,0.768621
0.525825,0.586899,0.631024,0.768544
0.525614,0.587459,0.630709,0.768468
0.525404,0.588019,0.630393,0.768391
0.525194,0.58858,0.630078,0.768314
0.524984,0.589142,0.629763,0.768237
0.524774,0.589704,0.629448,0.76816
0.524564,0.590266,0.629134,0.768083
0.524354,0.590829,0.628819,0.768007
0.524144,0.591393,0.628505,0.76793
0.523935,0.591957,0.62819,0.767853
0.523725,0.592522,0.627876,0.767776
0.523516,0.593087,0.627562,0.7677
0.523306,0.593653,0.627249,0.767623
0.523097,0.594219,0.626935,0.767546
0.522888,0.594786,0.626622,0.767469
0.522679,0.595353,0.626308,0.767392
0.52247,0.595921,0.625995,0.767316
0.522261,0.59649,0.625682,0.767239
0.522052,0.597059,0.625369,0.767162
0.521843,0.597628,0.625057,0.767086
0.521634,0.598198,0.624744,0.767009
0.521426,0.598769,0.624432,0.766932
0.521217,0.59934,0.62412,0.766855
0.521009,0.599912,0.623808,0.766779
0.5208,0.600484,0.623496,0.766702
0.520592,0.601057,0.623184,0.766625
0.520384,0.601631,0.622872,0.766549
0.520176,0.602204,0.622561,0.766472
0.519967,0.602779,0.62225,0.766395
0.51976,0.603354,0.621939,0.766319
0.519552,0.603929,0.621628,0.766242
0.519344,0.604506,0.621317,0.766166
0.519136,0.605082,0.621006,0.766089
0.518928,0.605659,0.620696,0.766012
0.518721,0.606237,0.620386,0.765936
0.518513,0.606816,0.620075,0.765859
0.518306,0.607394,0.619765,0.765783
0.518099,0.607974,0.619456,0.765706
0.517892,0.608554,0.619146,0.765629
0.517684,0.609134,0.618836,0.765553
0.517477,0.609715,0.618527,0.765476
0.51727,0.610297,0.618218,0.7654
0.517063,0.610879,0.617909,0.765323
0.516857,0.611462,0.6176,0.765247
0.51665,0.612045,0.617291,0.76517
0.516443,0.612629,0.616982,0.765094
0.516237,0.613213,0.616674,0.765017
0.51603,0.613798,0.616365,0.764941
0.515824,0.614384,0.616057,0.764864
0.515618,0.61497,0.615749,0.764788
0.515411,0.615557,0.615441,0.764711
0.515205,0.616144,0.615134,0.764635
0.514999,0.616732,0.614826,0.764558
0.514793,0.61732,0.614519,0.764482
0.514587,0.617909,0.614212,0.764405
0.514381,0.618498,0.613904,0.764329
0.514176,0.619088,0.613598,0.764252
0.51397,0.619679,0.613291,0.764176
0.513764,0.62027,0.612984,0.7641
0.513559,0.620862,0.612678,0.764023
0.513354,0.621454,0.612371,0.763947
0.513148,0.622047,0.612065,0.76387
0.512943,0.62264,0.611759,0.763794
0.512738,0.623234,0.611453,0.763718
0.512533,0.623829,0.611148,0.763641
0.512328,0.624424,0.610842,0.763565
0.512123,0.625019,0.610537,0.763489
0.511918,0.625616,0.610231,0.763412
0.511713,0.626212,0.609926,0.763336
0.511509,0.62681,0.609621,0.76326
0.511304,0.627408,0.609317,0.763183
0.511099,0.628006,0.609012,0.763107
0.510895,0.628605,0.608708,0.763031
0.510691,0.629205,0.608403,0.762954
0.510486,0.629805,0.608099,0.762878
0.510282,0.630406,0.607795,0.762802
0.510078,0.631007,0.607491,0.762725
0.509874,0.631609,0.607187,0.762649
0.50967,0.632212,0.606884,0.762573
0.509466,0.632815,0.60658,0.762497
0.509263,0.633419,0.606277,0.76242
0.509059,0.634023,0.605974,0.762344
0.508855,0.634628,0.605671,0.762268
0.508652,0.635233,0.605368,0.762192
0.508448,0.635839,0.605066,0.762115
0.508245,0.636446,0.604763,0.762039
0.508042,0.637053,0.604461,0.761963
0.507838,0.63766,0.604159,0.761887
0.507635,0.638269,0.603856,0.761811
0.507432,0.638878,0.603555,0.761734
0.507229,0.639487,0.603253,0.761658
0.507026,0.640097,0.602951,0.761582
0.506824,0.640708,0.60265,0.761506
0.506621,0.641319,0.602348,0.76143
0.506418,0.641931,0.602047,0.761354
0.506216,0.642543,0.601746,0.761278
0.506013,0.643156,0.601445,0.761201
0.505811,0.64377,0.601145,0.761125
0.505609,0.644384,0.600844,0.761049
0.505406,0.644998,0.600544,0.760973
0.505204,0.645614,0.600244,0.760897
0.505002,0.646229,0.599943,0.760821
0.5048,0.646846,0.599644,0.760745
0.504598,0.647463,0.599344,0.760669
0.504396,0.648081,0.599044,0.760593
0.504195,0.648699,0.598745,0.760517
0.503993,0.649318,0.598445,0.760441
0.503791,0.649937,0.598146,0.760364
0.50359,0.650557,0.597847,0.760288
0.503389,0.651178,0.597548,0.760212
0.503187,0.651799,0.597249,0.760136
0.502986,0.652421,0.596951,0.76006
0.502785,0.653043,0.596652,0.759984
0.502584,0.653666,0.596354,0.759908
0.502383,0.65429,0.596056,0.759832
0.502182,0.654914,0.595758,0.759756
0.501981,0.655538,0.59546,0.75968
0.50178,0.656164,0.595162,0.759604
0.501579,0.65679,0.594865,0.759529
0.501379,0.657416,0.594567,0.759453
0.501178,0.658043,0.59427,0.759377
0.500978,0.658671,0.593973,0.759301
0.500777,0.659299,0.593676,0.759225
0.500577,0.659928,0.593379,0.759149
0.500377,0.660558,0.593082,0.759073
0.500177,0.661188,0.592786,0.758997
0.499977,0.661819,0.59249,0.758921
0.499777,0.66245,0.592193,0.758845
0.499577,0.663082,0.591897,0.758769
0.499377,0.663715,0.591601,0.758693
0.499177,0.664348,0.591306,0.758618
0.498978,0.664981,0.59101,0.758542
0.498778,0.665616,0.590715,0.758466
0.498578,0.666251,0.590419,0.75839
0.498379,0.666886,0.590124,0.758314
0.49818,0.667522,0.589829,0.758238
0.49798,0.668159,0.589534,0.758163
0.497781,0.668797,0.589239,0.758087
0.497582,0.669435,0.588945,0.758011
0.497383,0.670073,0.58865,0.757935
0.497184,0.670712,0.588356,0.757859
0.496985,0.671352,0.588062,0.757784
0.496787,0.671993,0.587768,0.757708
0.496588,0.672634,0.587474,0.757632
0.496389,0.673275,0.58718,0.757556
0.496191,0.673918,0.586887,0.75748
0.495992,0.674561,0.586593,0.757405
0.495794,0.675204,0.5863,0.757329
0.495596,0.675848,0.586007,0.757253
0.495397,0.676493,0.585714,0.757177
0.495199,0.677138,0.585421,0.757102
0.495001,0.677784,0.585128,0.757026
0.494803,0.678431,0.584836,0.75695
0.494605,0.679078,0.584543,0.756875
0.494407,0.679726,0.584251,0.756799
0.49421,0.680374,0.583959,0.756723
0.494012,0.681023,0.583667,0.756648
0.493814,0.681673,0.583375,0.756572
0.493617,0.682323,0.583084,0.756496
0.49342,0.682974,0.582792,0.756421
0.493222,0.683625,0.582501,0.756345
0.493025,0.684278,0.58221,0.756269
0.492828,0.68493,0.581918,0.756194
0.492631,0.685584,0.581627,0.756118
0.492434,0.686238,0.581337,0.756043
0.492237,0.686892,0.581046,0.755967
0.49204,0.687548,0.580756,0.755891
0.491843,0.688203,0.580465,0.755816
0.491646,0.68886,0.580175,0.75574
0.49145,0.689517,0.579885,0.755665
0.491253,0.690175,0.579595,0.755589
0.491056,0.690833,0.579305,0.755513
0.49086,0.691492,0.579016,0.755438
0.490664,0.692152,0.578726,0.755362
0.490467,0.692812,0.578437,0.755287
0.490271,0.693473,0.578148,0.755211
0.490075,0.694135,0.577859,0.755136
0.489879,0.694797,0.57757,0.75506
0.489683,0.69546,0.577281,0.754985
0.489487,0.696123,0.576992,0.754909
0.489292,0.696787,0.576704,0.754834
0.489096,0.697452,0.576415,0.754758
0.4889,0.698117,0.576127,0.754683
0.488705,0.698783,0.575839,0.754607
0.488509,0.69945,0.575551,0.754532
0.488314,0.700117,0.575264,0.754456
0.488119,0.700785,0.574976,0.754381
0.487923,0.701453,0.574688,0.754306
0.487728,0.702122,0.574401,0.75423
0.487533,0.702792,0.574114,0.754155
0.487338,0.703463,0.573827,0.754079
0.487143,0.704134,0.57354,0.754004
0.486948,0.704805,0.573253,0.753928
0.486754,0.705478,0.572967,0.753853
0.486559,0.706151,0.57268,0.753778
0.486364,0.706824,0.572394,0.753702
0.48617,0.707498,0.572108,0.753627
0.485975,0.708173,0.571822,0.753552
0.485781,0.708849,0.571536,0.753476
0.485587,0.709525,0.57125,0.753401
0.485392,0.710202,0.570965,0.753326
0.485198,0.710879,0.570679,0.75325
0.485004,0.711558,0.570394,0.753175
0.48481,0.712236,0.570109,0.7531
0.484616,0.712916,0.569824,0.753024
0.484422,0.713596,0.569539,0.752949
0.484229,0.714277,0.569254,0.752874
0.484035,0.714958,0.568969,0.752798
0.483841,0.71564,0.568685,0.752723
0.483648,0.716323,0.568401,0.752648
0.483454,0.717006,0.568116,0.752573
0.483261,0.71769,0.567832,0.752497
0.483068,0.718375,0.567548,0.752422
0.482875,0.71906,0.567265,0.752347
0.482681,0.719746,0.566981,0.752272
0.482488,0.720432,0.566698,0.752196
0.482295,0.72112,0.566414,0.752121
0.482103,0.721808,0.566131,0.752046
0.48191,0.722496,0.565848,0.751971
0.481717,0.723185,0.565565,0.751895
0.481524,0.723875,0.565282,0.75182
0.481332,0.724566,0.565,0.751745
0.481139,0.725257,0.564717,0.75167
0.480947,0.725949,0.564435,0.751595
0.480754,0.726641,0.564153,0.75152
0.480562,0.727334,0.563871,0.751444
0.48037,0.728028,0.563589,0.751369
0.480178,0.728723,0.563307,0.751294
0.479986,0.729418,0.563025,0.751219
0.479794,0.730114,0.562744,0.751144
0.479602,0.73081,0.562463,0.751069
0.47941,0.731507,0.562181,0.750994
0.479218,0.732205,0.5619,0.750919
0.479027,0.732904,0.561619,0.750844
0.478835,0.733603,0.561339,0.750768
0.478643,0.734303,0.561058,0.750693
0.478452,0.735003,0.560777,0.750618
0.478261,0.735704,0.560497,0.750543
0.478069,0.736406,0.560217,0.750468
0.477878,0.737109,0.559937,0.750393
0.477687,0.737812,0.559657,0.750318
0.477496,0.738516,0.559377,0.750243
0.477305,0.73922,0.559097,0.750168
0.477114,0.739925,0.558818,0.750093
0.476923,0.740631,0.558538,0.750018
0.476732,0.741338,0.558259,0.749943
0.476542,0.742045,0.55798,0.749868
0.476351,0.742753,0.557701,0.749793
0.476161,0.743461,0.557422,0.749718
0.47597,0.74417,0.557144,0.749643
0.47578,0.74488,0.556865,0.749568
0.47559,0.745591,0.556587,0.749493
0.475399,0.746302,0.556308,0.749418
0.475209,0.747014,0.55603,0.749343
0.475019,0.747727,0.555752,0.749268
0.474829,0.74844,0.555474,0.749193
0.474639,0.749154,0.555197,0.749118
0.474449,0.749869,0.554919,0.749044
0.47426,0.750584,0.554642,0.748969
0.47407,0.7513,0.554364,0.748894
0.47388,0.752017,0.554087,0.748819
0.473691,0.752734,0.55381,0.748744
0.473501,0.753452,0.553533,0.748669
0.473312,0.754171,0.553256,0.748594
0.473123,0.75489,0.55298,0.748519
0.472933,0.75561,0.552703,0.748445
0.472744,0.756331,0.552427,0.74837
0.472555,0.757053,0.552151,0.748295
0.472366,0.757775,0.551875,0.74822
0.472177,0.758498,0.551599,0.748145
0.471988,0.759221,0.551323,0.74807
0.4718,0.759945,0.551047,0.747996
0.471611,0.76067,0.550772,0.747921
0.471422,0.761396,0.550497,0.747846
0.471234,0.762122,0.550221,0.747771
0.471045,0.762849,0.549946,0.747696
0.470857,0.763577,0.549671,0.747622
0.470668,0.764305,0.549397,0.747547
0.47048,0.765035,0.549122,0.747472
0.470292,0.765764,0.548847,0.747397
0.470104,0.766495,0.548573,0.747323
0.469916,0.767226,0.548299,0.747248
0.469728,0.767958,0.548025,0.747173
0.46954,0.768691,0.547751,0.747098
0.469352,0.769424,0.547477,0.747024
0.469164,0.770158,0.547203,0.746949
0.468977,0.770892,0.546929,0.746874
0.468789,0.771628,0.546656,0.7468
0.468602,0.772364,0.546383,0.746725
0.468414,0.773101,0.546109,0.74665
0.468227,0.773838,0.545836,0.746576
0.46804,0.774576,0.545564,0.746501
0.467853,0.775315,0.545291,0.746426
0.467665,0.776055,0.545018,0.746352
0.467478,0.776795,0.544746,0.746277
0.467291,0.777536,0.544473,0.746202
0.467104,0.778278,0.544201,0.746128
0.466918,0.77902,0.543929,0.746053
0.466731,0.779763,0.543657,0.745979
0.466544,0.780507,0.543385,0.745904
0.466358,0.781252,0.543114,0.745829
0.466171,0.781997,0.542842,0.745755
0.465985,0.782743,0.542571,0.74568
0.465798,0.78349,0.542299,0.745606
0.465612,0.784237,0.542028,0.745531
0.465426,0.784985,0.541757,0.745457
0.46524,0.785734,0.541486,0.745382
0.465053,0.786484,0.541216,0.745308
0.464867,0.787234,0.540945,0.745233
0.464682,0.787985,0.540675,0.745158
0.464496,0.788737,0.540404,0.745084
0.46431,0.789489,0.540134,0.745009
0.464124,0.790242,0.539864,0.744935
0.463939,0.790996,0.539594,0.74486
0.463753,0.791751,0.539324,0.744786
0.463567,0.792506,0.539055,0.744711
0.463382,0.793262,0.538785,0.744637
0.463197,0.794019,0.538516,0.744563
0.463011,0.794776,0.538247,0.744488
0.462826,0.795534,0.537978,0.744414
0.462641,0.796293,0.537709,0.744339
0.462456,0.797053,0.53744,0.744265
0.462271,0.797813,0.537171,0.74419
0.462086,0.798574,0.536903,0.744116
0.461901,0.799336,0.536634,0.744042
0.461717,0.800098,0.536366,0.743967
0.461532,0.800862,0.536098,0.743893
0.461347,0.801626,0.53583,0.743818
0.461163,0.80239,0.535562,0.743744
0.460978,0.803156,0.535294,0.74367
0.460794,0.803922,0.535026,0.743595
0.46061,0.804689,0.534759,0.743521
0.460426,0.805456,0.534491,0.743446
0.460241,0.806225,0.534224,0.743372
0.460057,0.806994,0.533957,0.743298
0.459873,0.807764,0.53369,0.743223
0.459689,0.808534,0.533423,0.743149
0.459505,0.809305,0.533157,0.743075
0.459322,0.810078,0.53289,0.743001
0.459138,0.81085,0.532624,0.742926
0.458954,0.811624,0.532357,0.742852
0.458771,0.812398,0.532091,0.742778
0.458587,0.813173,0.531825,0.742703
0.458404,0.813949,0.531559,0.742629
0.45822,0.814725,0.531294,0.742555
0.458037,0.815502,0.531028,0.742481
0.457854,0.81628,0.530762,0.742406
0.457671,0.817059,0.530497,0.742332
0.457488,0.817838,0.530232,0.742258
0.457305,0.818619,0.529967,0.742184
0.457122,0.819399,0.529702,0.742109
0.456939,0.820181,0.529437,0.742035
0.456756,0.820964,0.529172,0.741961
0.456574,0.821747,0.528908,0.741887
0.456391,0.822531,0.528643,0.741813
0.456208,0.823315,0.528379,0.741738
0.456026,0.824101,0.528115,0.741664
0.455844,0.824887,0.527851,0.74159
0.455661,0.825674,0.527587,0.741516
0.455479,0.826461,0.527323,0.741442
0.455297,0.82725,0.527059,0.741368
0.455115,0.828039,0.526796,0.741294
0.454933,0.828829,0.526533,0.741219
0.454751,0.829619,0.526269,0.741145
0.454569,0.830411,0.526006,0.741071
0.454387,0.831203,0.525743,0.740997
0.454205,0.831996,0.52548,0.740923
0.454024,0.83279,0.525218,0.740849
0.453842,0.833584,0.524955,0.740775
0.453661,0.834379,0.524693,0.740701
0.453479,0.835175,0.52443,0.740627
0.453298,0.835972,0.524168,0.740553
0.453116,0.836769,0.523906,0.740478
0.452935,0.837567,0.523644,0.740404
0.452754,0.838366,0.523382,0.74033
0.452573,0.839166,0.523121,0.740256
0.452392,0.839967,0.522859,0.740182
0.452211,0.840768,0.522598,0.740108
0.45203,0.84157,0.522336,0.740034
0.451849,0.842373,0.522075,0.73996
0.451669,0.843176,0.521814,0.739886
0.451488,0.843981,0.521553,0.739812
0.451307,0.844786,0.521293,0.739738
0.451127,0.845592,0.521032,0.739664
0.450946,0.846398,0.520772,0.73959
0.450766,0.847206,0.520511,0.739516
0.450586,0.848014,0.520251,0.739442
0.450406,0.848823,0.519991,0.739369
0.450225,0.849633,0.519731,0.739295
0.450045,0.850443,0.519471,0.739221
0.449865,0.851254,0.519211,0.739147
0.449685,0.852066,0.518952,0.739073
0.449506,0.852879,0.518692,0.738999
0.449326,0.853693,0.518433,0.738925
0.449146,0.854507,0.518174,0.738851
0.448966,0.855322,0.517915,0.738777
0.448787,0.856138,0.517656,0.738703
0.448607,0.856955,0.517397,0.73863
0.448428,0.857772,0.517138,0.738556
0.448248,0.858591,0.51688,0.738482
0.448069,0.85941,0.516621,0.738408
0.44789,0.86023,0.516363,0.738334
0.447711,0.86105,0.516105,0.73826
0.447532,0.861872,0.515847,0.738186
0.447353,0.862694,0.515589,0.738113
0.447174,0.863517,0.515331,0.738039
0.446995,0.86434,0.515073,0.737965
0.446816,0.865165,0.514816,0.737891
0.446637,0.86599,0.514559,0.737817
0.446459,0.866816,0.514301,0.737744
0.44628,0.867643,0.514044,0.73767
0.446102,0.868471,0.513787,0.737596
0.445923,0.869299,0.51353,0.737522
0.445745,0.870129,0.513274,0.737449
0.445567,0.870959,0.513017,0.737375
0.445389,0.87179,0.51276,0.737301
0.44521,0.872621,0.512504,0.737227
0.445032,0.873454,0.512248,0.737154
0.444854,0.874287,0.511992,0.73708
0.444676,0.875121,0.511736,0.737006
0.444499,0.875956,0.51148,0.736933
0.444321,0.876791,0.511224,0.736859
0.444143,0.877628,0.510969,0.736785
0.443965,0.878465,0.510713,0.736711
0.443788,0.879303,0.510458,0.736638
0.44361,0.880142,0.510203,0.736564
0.443433,0.880981,0.509948,0.73649
0.443255,0.881822,0.509693,0.736417
0.443078,0.882663,0.509438,0.736343
0.442901,0.883505,0.509183,0.73627
0.442724,0.884348,0.508928,0.736196
0.442547,0.885191,0.508674,0.736122
0.44237,0.886036,0.50842,0.736049
0.442193,0.886881,0.508166,0.735975
0.442016,0.887727,0.507911,0.735901
0.441839,0.888574,0.507658,0.735828
0.441662,0.889421,0.507404,0.735754
0.441486,0.89027,0.50715,0.735681
0.441309,0.891119,0.506896,0.735607
0.441133,0.891969,0.506643,0.735534
0.440956,0.89282,0.50639,0.73546
0.44078,0.893672,0.506137,0.735387
0.440604,0.894524,0.505884,0.735313
0.440427,0.895378,0.505631,0.735239
0.440251,0.896232,0.505378,0.735166
0.440075,0.897087,0.505125,0.735092
0.439899,0.897942,0.504873,0.735019
0.439723,0.898799,0.50462,0.734945
0.439547,0.899656,0.504368,0.734872
0.439371,0.900515,0.504116,0.734798
0.439196,0.901374,0.503864,0.734725
0.43902,0.902234,0.503612,0.734651
0.438844,0.903094,0.50336,0.734578
0.438669,0.903956,0.503108,0.734505
0.438494,0.904818,0.502857,0.734431
0.438318,0.905681,0.502605,0.734358
0.438143,0.906545,0.502354,0.734284
0.437968,0.90741,0.502103,0.734211
0.437792,0.908276,0.501852,0.734137
0.437617,0.909142,0.501601,0.734064
0.437442,0.910009,0.50135,0.733991
0.437267,0.910877,0.5011,0.733917
0.437092,0.911746,0.500849,0.733844
0.436918,0.912616,0.500599,0.73377
0.436743,0.913487,0.500348,0.733697
0.436568,0.914358,0.500098,0.733624
0.436394,0.91523,0.499848,0.73355
0.436219,0.916103,0.499598,0.733477
0.436044,0.916977,0.499349,0.733404
0.43587,0.917852,0.499099,0.73333
0.435696,0.918728,0.498849,0.733257
0.435521,0.919604,0.4986,0.733184
0.435347,0.920481,0.498351,0.73311
0.435173,0.921359,0.498101,0.733037
0.434999,0.922238,0.497852,0.732964
0.434825,0.923118,0.497604,0.73289
0.434651,0.923999,0.497355,0.732817
0.434477,0.92488,0.497106,0.732744
0.434304,0.925762,0.496858,0.73267
0.43413,0.926645,0.496609,0.732597
0.433956,0.927529,0.496361,0.732524
0.433783,0.928414,0.496113,0.732451
0.433609,0.9293,0.495865,0.732377
0.433436,0.930186,0.495617,0.732304
0.433262,0.931074,0.495369,0.732231
0.433089,0.931962,0.495121,0.732158
0.432916,0.932851,0.494874,0.732085
0.432743,0.933741,0.494626,0.732011
0.43257,0.934631,0.494379,0.731938
0.432397,0.935523,0.494132,0.731865
0.432224,0.936415,0.493885,0.731792
0.432051,0.937309,0.493638,0.731719
0.431878,0.938203,0.493391,0.731645
0.431705,0.939098,0.493144,0.731572
0.431533,0.939994,0.492898,0.731499
0.43136,0.94089,0.492651,0.731426
0.431187,0.941788,0.492405,0.731353
0.431015,0.942686,0.492159,0.73128
0.430843,0.943586,0.491913,0.731207
0.43067,0.944486,0.491667,0.731133
0.430498,0.945387,0.491421,0.73106
0.430326,0.946289,0.491175,0.730987
0.430154,0.947191,0.49093,0.730914
0.429982,0.948095,0.490684,0.730841
0.42981,0.948999,0.490439,0.730768
0.429638,0.949905,0.490194,0.730695
0.429466,0.950811,0.489949,0.730622
0.429294,0.951718,0.489704,0.730549
0.429122,0.952626,0.489459,0.730476
0.428951,0.953534,0.489214,0.730403
0.428779,0.954444,0.48897,0.73033
0.428608,0.955354,0.488725,0.730257
0.428436,0.956266,0.488481,0.730184
0.428265,0.957178,0.488237,0.73011
0.428094,0.958091,0.487993,0.730037
0.427922,0.959005,0.487749,0.729964
0.427751,0.95992,0.487505,0.729891
0.42758,0.960836,0.487261,0.729818
0.427409,0.961752,0.487017,0.729746
0.427238,0.96267,0.486774,0.729673
0.427067,0.963588,0.486531,0.7296
0.426897,0.964507,0.486287,0.729527
0.426726,0.965427,0.486044,0.729454
0.426555,0.966348,0.485801,0.729381
0.426384,0.96727,0.485558,0.729308
0.426214,0.968193,0.485316,0.729235
0.426043,0.969116,0.485073,0.729162
0.425873,0.970041,0.48483,0.729089
0.425703,0.970966,0.484588,0.729016
0.425532,0.971892,0.484346,0.728943
0.425362,0.972819,0.484104,0.72887
0.425192,0.973747,0.483862,0.728797
0.425022,0.974676,0.48362,0.728725
0.424852,0.975606,0.483378,0.728652
0.424682,0.976537,0.483136,0.728579
0.424512,0.977468,0.482895,0.728506
0.424342,0.978401,0.482653,0.728433
0.424173,0.979334,0.482412,0.72836
0.424003,0.980268,0.482171,0.728287
0.423834,0.981203,0.48193,0.728215
0.423664,0.982139,0.481689,0.728142
0.423495,0.983076,0.481448,0.728069
0.423325,0.984014,0.481207,0.727996
0.423156,0.984953,0.480967,0.727923
0.422987,0.985892,0.480726,0.727851
0.422817,0.986833,0.480486,0.727778
0.422648,0.987774,0.480246,0.727705
0.422479,0.988717,0.480005,0.727632
0.42231,0.98966,0.479766,0.727559
0.422141,0.990604,0.479526,0.727487
0.421973,0.991549,0.479286,0.727414
0.421804,0.992495,0.479046,0.727341
0.421635,0.993441,0.478807,0.727268
0.421466,0.994389,0.478567,0.727196
0.421298,0.995338,0.478328,0.727123
0.421129,0.996287,0.478089,0.72705
0.420961,0.997238,0.47785,0.726978
0.420793,0.998189,0.477611,0.726905
0.420624,0.999141,0.477372,0.726832
0.420456,1,0.477134,0.72676
0.420288,1,0.476895,0.726687
0.42012,1,0.476657,0.726614
0.419952,1,0.476418,0.726542
0.419784,1,0.47618,0.726469
0.419616,1,0.475942,0.726396
0.419448,1,0.475704,0.726324
0.41928,1,0.475466,0.726251
0.419112,1,0.475229,0.726178
0.418945,1,0.474991,0.726106
0.418777,1,0.474753,0.726033
0.41861,1,0.474516,0.72596
0.418442,1,0.474279,0.725888
0.418275,1,0.474042,0.725815
0.418108,1,0.473805,0.725743
0.41794,1,0.473568,0.72567
0.417773,1,0.473331,0.725598
0.417606,1,0.473094,0.725525
0.417439,1,0.472858,0.725452
0.417272,1,0.472622,0.72538
0.417105,1,0.472385,0.725307
0.416938,1,0.472149,0.725235
0.416772,1,0.471913,0.725162
0.416605,1,0.471677,0.72509
0.416438,1,0.471441,0.725017
0.416272,1,0.471206,0.724945
0.416105,1,0.47097,0.724872
0.415939,1,0.470734,0.7248
0.415773,1,0.470499,0.724727
0.415606,1,0.470264,0.724655
0.41544,1,0.470029,0.724582
0.415274,1,0.469794,0.72451
0.415108,1,0.469559,0.724437
0.414942,1,0.469324,0.724365
0.414776,1,0.46909,0.724293
0.41461,1,0.468855,0.72422
0.414444,1,0.468621,0.724148
0.414278,1,0.468386,0.724075
0.414113,1,0.468152,0.724003
0.413947,1,0.467918,0.723931
0.413781,1,0.467684,0.723858
0.413616,1,0.46745,0.723786
0.41345,1,0.467217,0.723713
0.413285,1,0.466983,0.723641
0.41312,1,0.46675,0.723569
0.412955,1,0.466516,0.723496
0.412789,1,0.466283,0.723424
0.412624,1,0.46605,0.723352
0.412459,1,0.465817,0.723279
0.412294,1,0.465584,0.723207
0.412129,1,0.465351,0.723135
0.411965,1,0.465118,0.723062
0.4118,1,0.464886,0.72299
0.411635,1,0.464654,0.722918
0.41147,1,0.464421,0.722845
0.411306,1,0.464189,0.722773
0.411141,1,0.463957,0.722701
0.410977,1,0.463725,0.722629
0.410812,1,0.463493,0.722556
0.410648,1,0.463261,0.722484
0.410484,1,0.46303,0.722412
0.41032,1,0.462798,0.72234
0.410156,1,0.462567,0.722267
0.409992,1,0.462336,0.722195
0.409828,1,0.462105,0.722123
0.409664,1,0.461873,0.722051
0.4095,1,0.461643,0.721978
0.409336,1,0.461412,0.721906
0.409172,1,0.461181,0.721834
0.409009,1,0.46095,0.721762
0.408845,1,0.46072,0.72169
0.408682,1,0.46049,0.721618
0.408518,1,0.460259,0.721545
0.408355,1,0.460029,0.721473
0.408191,1,0.459799,0.721401
0.408028,1,0.459569,0.721329
0.407865,1,0.45934,0.721257
0.407702,1,0.45911,0.721185
0.407539,1,0.458881,0.721113
0.407376,1,0.458651,0.72104
0.407213,1,0.458422,0.720968
0.40705,1,0.458193,0.720896
0.406887,1,0.457964,0.720824
0.406724,1,0.457735,0.720752
0.406562,1,0.457506,0.72068
0.406399,1,0.457277,0.720608
0.406236,1,0.457048,0.720536
0.406074,1,0.45682,0.720464
0.405912,1,0.456591,0.720392
0.405749,1,0.456363,0.72032
0.405587,1,0.456135,0.720248
0.405425,1,0.455907,0.720176
0.405263,1,0.455679,0.720104
0.4051,1,0.455451,0.720032
0.404938,1,0.455224,0.71996
0.404776,1,0.454996,0.719888
0.404615,1,0.454768,0.719816
0.404453,1,0.454541,0.719744
0.404291,1,0.454314,0.719672
0.404129,1,0.454087,0.7196
0.403968,1,0.45386,0.719528
0.403806,1,0.453633,0.719456
0.403766,0.999954,0.453587,0.719384
0.403725,0.999908,0.453542,0.719312
0.403685,0.999862,0.453497,0.71924
0.403645,0.999816,0.453451,0.719168
0.403604,0.99977,0.453406,0.719096
0.403564,0.999724,0.453361,0.719024
0.403523,0.999678,0.453315,0.718952
0.403483,0.999632,0.45327,0.71888
0.403443,0.999586,0.453225,0.718809
0.403402,0.99954,0.453179,0.718737
0.403362,0.999494,0.453134,0.718665
0.403322,0.999448,0.453089,0.718593
0.403281,0.999402,0.453043,0.718521
0.403241,0.999356,0.452998,0.718449
0.403201,0.99931,0.452953,0.718377
0.40316,0.999264,0.452907,0.718306
0.40312,0.999218,0.452862,0.718234
0.40308,0.999172,0.452817,0.718162
0.40304,0.999126,0.452772,0.71809
0.402999,0.99908,0.452726,0.718018
0.402959,0.999034,0.452681,0.717946
0.402919,0.998988,0.452636,0.717875
0.402878,0.998942,0.452591,0.717803
0.402838,0.998896,0.452545,0.717731
0.402798,0.99885,0.4525,0.717659
0.402757,0.998804,0.452455,0.717588
0.402717,0.998758,0.45241,0.717516
0.402677,0.998712,0.452364,0.717444
0.402637,0.998666,0.452319,0.717372
0.402596,0.99862,0.452274,0.717301
0.402556,0.998574,0.452229,0.717229
0.402516,0.998529,0.452183,0.717157
0.402476,0.998483,0.452138,0.717085
0.402435,0.998437,0.452093,0.717014
0.402395,0.998391,0.452048,0.716942
0.402355,0.998345,0.452003,0.71687
0.402315,0.998299,0.451957,0.716799
0.402274,0.998253,0.451912,0.716727
0.402234,0.998207,0.451867,0.716655
0.402194,0.998161,0.451822,0.716584
0.402154,0.998115,0.451777,0.716512
0.402114,0.998069,0.451731,0.71644
0.402073,0.998023,0.451686,0.716369
0.402033,0.997977,0.451641,0.716297
0.401993,0.997931,0.451596,0.716225
0.401953,0.997885,0.451551,0.716154
0.401913,0.997839,0.451506,0.716082
0.401872,0.997794,0.45146,0.716011
0.401832,0.997748,0.451415,0.715939
0.401792,0.997702,0.45137,0.715867
0.401752,0.997656,0.451325,0.715796
0.401712,0.99761,0.45128,0.715724
0.401671,0.997564,0.451235,0.715653
0.401631,0.997518,0.45119,0.715581
0.401591,0.997472,0.451144,0.715509
0.401551,0.997426,0.451099,0.715438
0.401511,0.99738,0.451054,0.715366
0.401471,0.997335,0.451009,0.715295
0.40143,0.997289,0.450964,0.715223
0.40139,0.997243,0.450919,0.715152
0.40135,0.997197,0.450874,0.71508
0.40131,0.997151,0.450829,0.715009
0.40127,0.997105,0.450784,0.714937
0.40123,0.997059,0.450739,0.714866
0.40119,0.997013,0.450694,0.714794
0.40115,0.996967,0.450648,0.714723
0.401109,0.996922,0.450603,0.714651
0.401069,0.996876,0.450558,0.71458
0.401029,0.99683,0.450513,0.714508
0.400989,0.996784,0.450468,0.714437
0.400949,0.996738,0.450423,0.714366
0.400909,0.996692,0.450378,0.714294
0.400869,0.996646,0.450333,0.714223
0.400829,0.9966,0.450288,0.714151
0.400789,0.996555,0.450243,0.71408
0.400749,0.996509,0.450198,0.714008
0.400709,0.996463,0.450153,0.713937
0.400668,0.996417,0.450108,0.713866
0.400628,0.996371,0.450063,0.713794
0.400588,0.996325,0.450018,0.713723
0.400548,0.996279,0.449973,0.713651
0.400508,0.996234,0.449928,0.71358
0.400468,0.996188,0.449883,0.713509
0.400428,0.996142,0.449838,0.713437
0.400388,0.996096,0.449793,0.713366
0.400348,0.99605,0.449748,0.713295
0.400308,0.996004,0.449703,0.713223
0.400268,0.995959,0.449658,0.713152
0.400228,0.995913,0.449613,0.713081
0.400188,0.995867,0.449568,0.713009
0.400148,0.995821,0.449523,0.712938
0.400108,0.995775,0.449478,0.712867
0.400068,0.995729,0.449433,0.712796
0.400028,0.995684,0.449388,0.712724
0.399988,0.995638,0.449343,0.712653
0.399948,0.995592,0.449298,0.712582
0.399908,0.995546,0.449254,0.712511
0.399868,0.9955,0.449209,0.712439
0.399828,0.995455,0.449164,0.712368
0.399788,0.995409,0.449119,0.712297
0.399748,0.995363,0.449074,0.712226
0.399708,0.995317,0.449029,0.712154
0.399668,0.995271,0.448984,0.712083
0.399628,0.995226,0.448939,0.712012
0.399588,0.99518,0.448894,0.711941
0.399548,0.995134,0.448849,0.71187
0.399508,0.995088,0.448805,0.711798
0.399468,0.995042,0.44876,0.711727
0.399428,0.994997,0.448715,0.711656
0.399388,0.994951,0.44867,0.711585
0.399348,0.994905,0.448625,0.711514
0.399308,0.994859,0.44858,0.711442
0.399269,0.994813,0.448535,0.711371
0.399229,0.994768,0.44849,0.7113
0.399189,0.994722,0.448446,0.711229
0.399149,0.994676,0.448401,0.711158
0.399109,0.99463,0.448356,0.711087
0.399069,0.994585,0.448311,0.711016
0.399029,0.994539,0.448266,0.710945
0.398989,0.994493,0.448221,0.710874
0.398949,0.994447,0.448177,0.710802
0.398909,0.994402,0.448132,0.710731
0.398869,0.994356,0.448087,0.71066
0.39883,0.99431,0.448042,0.710589
0.39879,0.994264,0.447997,0.710518
0.39875,0.994218,0.447953,0.710447
0.39871,0.994173,0.447908,0.710376
0.39867,0.994127,0.447863,0.710305
0.39863,0.994081,0.447818,0.710234
0.39859,0.994035,0.447773,0.710163
0.39855,0.99399,0.447729,0.710092
0.398511,0.993944,0.447684,0.710021
0.398471,0.993898,0.447639,0.70995
0.398431,0.993853,0.447594,0.709879
0.398391,0.993807,0.44755,0.709808
0.398351,0.993761,0.447505,0.709737
0.398311,0.993715,0.44746,0.709666
0.398272,0.99367,0.447415,0.709595
0.398232,0.993624,0.447371,0.709524
0.398192,0.993578,0.447326,0.709453
0.398152,0.993532,0.447281,0.709382
0.398112,0.993487,0.447236,0.709311
0.398072,0.993441,0.447192,0.70924
0.398033,0.993395,0.447147,0.709169
0.397993,0.99335,0.447102,0.709098
0.397953,0.993304,0.447057,0.709028
0.397913,0.993258,0.447013,0.708957
0.397873,0.993212,0.446968,0.708886
0.397834,0.993167,0.446923,0.708815
0.397794,0.993121,0.446879,0.708744
0.397754,0.993075,0.446834,0.708673
0.397714,0.99303,0.446789,0.708602
0.397675,0.992984,0.446745,0.708531
0.397635,0.992938,0.4467,0.708461
0.397595,0.992893,0.446655,0.70839
0.397555,0.992847,0.446611,0.708319
0.397515,0.992801,0.446566,0.708248
0.397476,0.992755,0.446521,0.708177
0.397436,0.99271,0.446477,0.708106
0.397396,0.992664,0.446432,0.708036
0.397357,0.992618,0.446387,0.707965
0.397317,0.992573,0.446343,0.707894
0.397277,0.992527,0.446298,0.707823
0.397237,0.992481,0.446253,0.707752
0.397198,0.992436,0.446209,0.707682
0.397158,0.99239,0.446164,0.707611
0.397118,0.992344,0.44612,0.70754
0.397078,0.992299,0.446075,0.707469
0.397039,0.992253,0.44603,0.707399
0.396999,0.992207,0.445986,0.707328
0.396959,0.992162,0.445941,0.707257
0.39692,0.992116,0.445897,0.707186
0.39688,0.99207,0.445852,0.707116
0.39684,0.992025,0.445807,0.707045
0.396801,0.991979,0.445763,0.706974
0.396761,0.991934,0.445718,0.706904
0.396721,0.991888,0.445674,0.706833
0.396682,0.991842,0.445629,0.706762
0.396642,0.991797,0.445585,0.706692
0.396602,0.991751,0.44554,0.706621
0.396563,0.991705,0.445495,0.70655
0.396523,0.99166,0.445451,0.70648
0.396483,0.991614,0.445406,0.706409
0.396444,0.991568,0.445362,0.706338
0.396404,0.991523,0.445317,0.706268
0.396364,0.991477,0.445273,0.706197
0.396325,0.991432,0.445228,0.706126
0.396285,0.991386,0.445184,0.706056
0.396245,0.99134,0.445139,0.705985
0.396206,0.991295,0.445095,0.705915
0.396166,0.991249,0.44505,0.705844
0.396127,0.991203,0.445006,0.705773
0.396087,0.991158,0.444961,0.705703
0.396047,0.991112,0.444917,0.705632
0.396008,0.991067,0.444872,0.705562
0.395968,0.991021,0.444828,0.705491
0.395929,0.990975,0.444783,0.705421
0.395889,0.99093,0.444739,0.70535
0.395849,0.990884,0.444694,0.705279
0.39581,0.990839,0.44465,0.705209
0.39577,0.990793,0.444605,0.705138
0.395731,0.990747,0.444561,0.705068
0.395691,0.990702,0.444516,0.704997
0.395651,0.990656,0.444472,0.704927
0.395612,0.990611,0.444427,0.704856
0.395572,0.990565,0.444383,0.704786
0.395533,0.990519,0.444339,0.704715
0.395493,0.990474,0.444294,0.704645
0.395454,0.990428,0.44425,0.704575
0.395414,0.990383,0.444205,0.704504
0.395375,0.990337,0.444161,0.704434
0.395335,0.990292,0.444116,0.704363
0.395296,0.990246,0.444072,0.704293
0.395256,0.9902,0.444028,0.704222
0.395216,0.990155,0.443983,0.704152
0.395177,0.990109,0.443939,0.704081
0.395137,0.990064,0.443894,0.704011
0.395098,0.990018,0.44385,0.703941
0.395058,0.989973,0.443806,0.70387
0.395019,0.989927,0.443761,0.7038
0.394979,0.989882,0.443717,0.703729
0.39494,0.989836,0.443673,0.703659
0.3949,0.98979,0.443628,0.703589
0.394861,0.989745,0.443584,0.703518
0.394821,0.989699,0.443539,0.703448
0.394782,0.989654,0.443495,0.703378
0.394742,0.989608,0.443451,0.703307
0.394703,0.989563,0.443406,0.703237
0.394664,0.989517,0.443362,0.703167
0.394624,0.989472,0.443318,0.703096
0.394585,0.989426,0.443273,0.703026
0.394545,0.989381,0.443229,0.702956
0.394506,0.989335,0.443185,0.702885
0.394466,0.98929,0.44314,0.702815
0.394427,0.989244,0.443096,0.702745
0.394387,0.989198,0.443052,0.702675
0.394348,0.989153,0.443008,0.702604
0.394308,0.989107,0.442963,0.702534
0.394269,0.989062,0.442919,0.702464
0.39423,0.989016,0.442875,0.702394
0.39419,0.988971,0.44283,0.702323
0.394151,0.988925,0.442786,0.702253
0.394111,0.98888,0.442742,0.702183
0.394072,0.988834,0.442698,0.702113
0.394033,0.988789,0.442653,0.702042
0.393993,0.988743,0.442609,0.701972
0.393954,0.988698,0.442565,0.701902
0.393914,0.988652,0.44252,0.701832
0.393875,0.988607,0.442476,0.701762
0.393836,0.988561,0.442432,0.701692
0.393796,0.988516,0.442388,0.701621
0.393757,0.98847,0.442343,0.701551
0.393717,0.988425,0.442299,0.701481
0.393678,0.988379,0.442255,0.701411
0.393639,0.988334,0.442211,0.701341
0.393599,0.988288,0.442167,0.701271
0.39356,0.988243,0.442122,0.7012
0.393521,0.988198,0.442078,0.70113
0.393481,0.988152,0.442034,0.70106
0.393442,0.988107,0.44199,0.70099
0.393403,0.988061,0.441946,0.70092
0.393363,0.988016,0.441901,0.70085
0.393324,0.98797,0.441857,0.70078
0.393285,0.987925,0.441813,0.70071
0.393245,0.987879,0.441769,0.70064
0.393206,0.987834,0.441725,0.70057
0.393167,0.987788,0.44168,0.7005
0.393127,0.987743,0.441636,0.70043
0.393088,0.987697,0.441592,0.70036
0.393049,0.987652,0.441548,0.700289
0.393009,0.987607,0.441504,0.700219
0.39297,0.987561,0.44146,0.700149
0.392931,0.987516,0.441415,0.700079
0.392891,0.98747,0.441371,0.700009
0.392852,0.987425,0.441327,0.699939
0.392813,0.987379,0.441283,0.699869
0.392774,0.987334,0.441239,0.699799
0.392734,0.987288,0.441195,0.699729
0.392695,0.987243,0.441151,0.699659
0.392656,0.987198,0.441107,0.69959
0.392616,0.987152,0.441062,0.69952
0.392577,0.987107,0.441018,0.69945
0.392538,0.987061,0.440974,0.69938
0.392499,0.987016,0.44093,0.69931
0.392459,0.98697,0.440886,0.69924
0.39242,0.986925,0.440842,0.69917
0.392381,0.98688,0.440798,0.6991
0.392342,0.986834,0.440754,0.69903
0.392303,0.986789,0.44071,0.69896
0.392263,0.986743,0.440666,0.69889
0.392224,0.986698,0.440622,0.69882
0.392185,0.986653,0.440578,0.69875
0.392146,0.986607,0.440533,0.698681
0.392106,0.986562,0.440489,0.698611
0.392067,0.986516,0.440445,0.698541
0.392028,0.986471,0.440401,0.698471
0.391989,0.986426,0.440357,0.698401
0.39195,0.98638,0.440313,0.698331
0.39191,0.986335,0.440269,0.698261
0.391871,0.986289,0.440225,0.698192
0.391832,0.986244,0.440181,0.698122
0.391793,0.986199,0.440137,0.698052
0.391754,0.986153,0.440093,0.697982
0.391714,0.986108,0.440049,0.697912
0.391675,0.986062,0.440005,0.697843
0.391636,0.986017,0.439961,0.697773
0.391597,0.985972,0.439917,0.697703
0.391558,0.985926,0.439873,0.697633
0.391519,0.985881,0.439829,0.697564
0.391479,0.985836,0.439785,0.697494
0.39144,0.98579,0.439741,0.697424
0.391401,0.985745,0.439697,0.697354
0.391362,0.9857,0.439653,0.697285
0.391323,0.985654,0.439609,0.697215
0.391284,0.985609,0.439565,0.697145
0.391245,0.985563,0.439521,0.697075
0.391206,0.985518,0.439477,0.697006
0.391166,0.985473,0.439433,0.696936
0.391127,0.985427,0.43939,0.696866
0.391088,0.985382,0.439346,0.696797
0.391049,0.985337,0.439302,0.696727
0.39101,0.985291,0.439258,0.696657
0.390971,0.985246,0.439214,0.696588
0.390932,0.985201,0.43917,0.696518
0.390893,0.985155,0.439126,0.696448
0.390854,0.98511,0.439082,0.696379
0.390815,0.985065,0.439038,0.696309
0.390775,0.985019,0.438994,0.696239
0.390736,0.984974,0.43895,0.69617
0.390697,0.984929,0.438906,0.6961
0.390658,0.984883,0.438863,0.696031
0.390619,0.984838,0.438819,0.695961
0.39058,0.984793,0.438775,0.695891
0.390541,0.984747,0.438731,0.695822
0.390502,0.984702,0.438687,0.695752
0.390463,0.984657,0.438643,0.695683
0.390424,0.984612,0.438599,0.695613
0.390385,0.984566,0.438555,0.695543
0.390346,0.984521,0.438512,0.695474
0.390307,0.984476,0.438468,0.695404
0.390268,0.98443,0.438424,0.695335
0.390229,0.984385,0.43838,0.695265
0.39019,0.98434,0.438336,0.695196
0.390151,0.984294,0.438292,0.695126
0.390112,0.984249,0.438249,0.695057
0.390073,0.984204,0.438205,0.694987
0.390034,0.984159,0.438161,0.694918
0.389995,0.984113,0.438117,0.694848
0.389956,0.984068,0.438073,0.694779
0.389917,0.984023,0.438029,0.694709
0.389878,0.983977,0.437986,0.69464
0.389839,0.983932,0.437942,0.69457
0.3898,0.983887,0.437898,0.694501
0.389761,0.983842,0.437854,0.694431
0.389722,0.983796,0.43781,0.694362
0.389683,0.983751,0.437767,0.694293
0.389644,0.983706,0.437723,0.694223
0.389605,0.98366,0.437679,0.694154
0.389566,0.983615,0.437635,0.694084
0.389527,0.98357,0.437592,0.694015
0.389488,0.983525,0.437548,0.693945
0.389449,0.983479,0.437504,0.693876
0.38941,0.983434,0.43746,0.693807
0.389371,0.983389,0.437417,0.693737
0.389332,0.983344,0.437373,0.693668
0.389293,0.983298,0.437329,0.693599
0.389254,0.983253,0.437285,0.693529
0.389215,0.983208,0.437242,0.69346
0.389176,0.983163,0.437198,0.69339
0.389138,0.983117,0.437154,0.693321
0.389099,0.983072,0.437111,0.693252
0.38906,0.983027,0.437067,0.693182
0.389021,0.982982,0.437023,0.693113
0.388982,0.982936,0.436979,0.693044
0.388943,0.982891,0.436936,0.692975
0.388904,0.982846,0.436892,0.692905
0.388865,0.982801,0.436848,0.692836
0.388826,0.982756,0.436805,0.692767
0.388787,0.98271,0.436761,0.692697
0.388749,0.982665,0.436717,0.692628
0.38871,0.98262,0.436674,0.692559
0.388671,0.982575,0.43663,0.69249
0.388632,0.982529,0.436586,0.69242
0.388593,0.982484,0.436543,0.692351
0.388554,0.982439,0.436499,0.692282
0.388515,0.982394,0.436455,0.692213
0.388477,0.982349,0.436412,0.692143
0.388438,0.982303,0.436368,0.692074
0.388399,0.982258,0.436324,0.692005
0.38836,0.982213,0.436281,0.691936
0.388321,0.982168,0.436237,0.691867
0.388282,0.982123,0.436194,0.691797
0.388244,0.982077,0.43615,0.691728
0.388205,0.982032,0.436106,0.691659
0.388166,0.981987,0.436063,0.69159
0.388127,0.981942,0.436019,0.691521
0.388088,0.981897,0.435975,0.691452
0.388049,0.981851,0.435932,0.691382
0.388011,0.981806,0.435888,0.691313
0.387972,0.981761,0.435845,0.691244
0.387933,0.981716,0.435801,0.691175
0.387894,0.981671,0.435758,0.691106
0.387855,0.981626,0.435714,0.691037
0.387817,0.98158,0.43567,0.690968
0.387778,0.981535,0.435627,0.690899
0.387739,0.98149,0.435583,0.69083
0.3877,0.981445,0.43554,0.69076
0.387662,0.9814,0.435496,0.690691
0.387623,0.981355,0.435453,0.690622
0.387584,0.981309,0.435409,0.690553
0.387545,0.981264,0.435365,0.690484
0.387507,0.981219,0.435322,0.690415
0.387468,0.981174,0.435278,0.690346
0.387429,0.981129,0.435235,0.690277
0.38739,0.981084,0.435191,0.690208
0.387352,0.981039,0.435148,0.690139
0.387313,0.980993,0.435104,0.69007
0.387274,0.980948,0.435061,0.690001
0.387235,0.980903,0.435017,0.689932
0.387197,0.980858,0.434974,0.689863
0.387158,0.980813,0.43493,0.689794
0.387119,0.980768,0.434887,0.689725
0.38708,0.980723,0.434843,0.689656
0.387042,0.980677,0.4348,0.689587
0.387003,0.980632,0.434756,0.689518
0.386964,0.980587,0.434713,0.689449
0.386926,0.980542,0.434669,0.68938
0.386887,0.980497,0.434626,0.689311
0.386848,0.980452,0.434582,0.689242
0.38681,0.980407,0.434539,0.689173
0.386771,0.980362,0.434496,0.689105
0.386732,0.980316,0.434452,0.689036
0.386694,0.980271,0.434409,0.688967
0.386655,0.980226,0.434365,0.688898
0.386616,0.980181,0.434322,0.688829
0.386578,0.980136,0.434278,0.68876
0.386539,0.980091,0.434235,0.688691
0.3865,0.980046,0.434192,0.688622
0.386462,0.980001,0.434148,0.688553
0.386423,0.979956,0.434105,0.688485
0.386384,0.979911,0.434061,0.688416
0.386346,0.979865,0.434018,0.688347
0.386307,0.97982,0.433974,0.688278
0.386268,0.979775,0.433931,0.688209
0.38623,0.97973,0.433888,0.68814
0.386191,0.979685,0.433844,0.688072
0.386153,0.97964,0.433801,0.688003
0.386114,0.979595,0.433758,0.687934
0.386075,0.97955,0.433714,0.687865
0.386037,0.979505,0.433671,0.687796
0.385998,0.97946,0.433627,0.687728
0.385959,0.979415,0.433584,0.687659
0.385921,0.97937,0.433541,0.68759
0.385882,0.979324,0.433497,0.687521
0.385844,0.979279,0.433454,0.687453
0.385805,0.979234,0.433411,0.687384
0.385767,0.979189,0.433367,0.687315
0.385728,0.979144,0.433324,0.687246
0.385689,0.979099,0.433281,0.687178
0.385651,0.979054,0.433237,0.687109
0.385612,0.979009,0.433194,0.68704
0.385574,0.978964,0.433151,0.686972
0.385535,0.978919,0.433107,0.686903
0.385497,0.978874,0.433064,0.686834
0.385458,0.978829,0.433021,0.686765
0.38542,0.978784,0.432977,0.686697
0.385381,0.978739,0.432934,0.686628
0.385342,0.978694,0.432891,0.686559
0.385304,0.978649,0.432848,0.686491
0.385265,0.978604,0.432804,0.686422
0.385227,0.978559,0.432761,0.686353
0.385188,0.978514,0.432718,0.686285
0.38515,0.978469,0.432674,0.686216
0.385111,0.978424,0.432631,0.686148
0.385073,0.978379,0.432588,0.686079
0.385034,0.978334,0.432545,0.68601
0.384996,0.978288,0.432501,0.685942
0.384957,0.978243,0.432458,0.685873
0.384919,0.978198,0.432415,0.685805
0.38488,0.978153,0.432372,0.685736
0.384842,0.978108,0.432328,0.685667
0.384803,0.978063,0.432285,0.685599
0.384765,0.978018,0.432242,0.68553
0.384726,0.977973,0.432199,0.685462
0.384688,0.977928,0.432156,0.685393
0.384649,0.977883,0.432112,0.685325
0.384611,0.977838,0.432069,0.685256
0.384572,0.977793,0.432026,0.685188
0.384534,0.977748,0.431983,0.685119
0.384496,0.977703,0.431939,0.685051
0.384457,0.977658,0.431896,0.684982
0.384419,0.977613,0.431853,0.684914
0.38438,0.977568,0.43181,0.684845
0.384342,0.977523,0.431767,0.684777
0.384303,0.977478,0.431724,0.684708
0.384265,0.977434,0.43168,0.68464
0.384226,0.977389,0.431637,0.684571
0.384188,0.977344,0.431594,0.684503
0.38415,0.977299,0.431551,0.684434
0.384111,0.977254,0.431508,0.684366
0.384073,0.977209,0.431465,0.684297
0.384034,0.977164,0.431421,0.684229
0.383996,0.977119,0.431378,0.684161
0.383958,0.977074,0.431335,0.684092
0.383919,0.977029,0.431292,0.684024
0.383881,0.976984,0.431249,0.683955
0.383842,0.976939,0.431206,0.683887
0.383804,0.976894,0.431163,0.683819
0.383766,0.976849,0.43112,0.68375
0.383727,0.976804,0.431076,0.683682
0.383689,0.976759,0.431033,0.683613
0.383651,0.976714,0.43099,0.683545
0.383612,0.976669,0.430947,0.683477
0.383574,0.976624,0.430904,0.683408
0.383535,0.976579,0.430861,0.68334
0.383497,0.976534,0.430818,0.683272
0.383459,0.976489,0.430775,0.683203
0.38342,0.976444,0.430732,0.683135
0.383382,0.9764,0.430689,0.683067
0.383344,0.976355,0.430646,0.682998
0.383305,0.97631,0.430602,0.68293
0.383267,0.976265,0.430559,0.682862
0.383229,0.97622,0.430516,0.682794
0.38319,0.976175,0.430473,0.682725
0.383152,0.97613,0.43043,0.682657
0.383114,0.976085,0.430387,0.682589
0.383075,0.97604,0.430344,0.68252
0.383037,0.975995,0.430301,0.682452
0.382999,0.97595,0.430258,0.682384
0.382961,0.975905,0.430215,0.682316
0.382922,0.97586,0.430172,0.682247
0.382884,0.975816,0.430129,0.682179
0.382846,0.975771,0.430086,0.682111
0.382807,0.975726,0.430043,0.682043
0.382769,0.975681,0.43,0.681975
0.382731,0.975636,0.429957,0.681906
0.382693,0.975591,0.429914,0.681838
0.382654,0.975546,0.429871,0.68177
0.382616,0.975501,0.429828,0.681702
0.382578,0.975456,0.429785,0.681634
0.38254,0.975412,0.429742,0.681566
0.382501,0.975367,0.429699,0.681497
0.382463,0.975322,0.429656,0.681429
0.382425,0.975277,0.429613,0.681361
0.382387,0.975232,0.42957,0.681293
0.382348,0.975187,0.429527,0.681225
0.38231,0.975142,0.429484,0.681157
0.382272,0.975097,0.429441,0.681089
0.382234,0.975052,0.429398,0.68102
0.382195,0.975008,0.429355,0.680952
0.382157,0.974963,0.429313,0.680884
0.382119,0.974918,0.42927,0.680816
0.382081,0.974873,0.429227,0.680748
0.382043,0.974828,0.429184,0.68068
0.382004,0.974783,0.429141,0.680612
0.381966,0.974738,0.429098,0.680544
0.381928,0.974694,0.429055,0.680476
0.38189,0.974649,0.429012,0.680408
0.381852,0.974604,0.428969,0.68034
0.381813,0.974559,0.428926,0.680272
0.381775,0.974514,0.428883,0.680204
0.381737,0.974469,0.428841,0.680136
0.381699,0.974425,0.428798,0.680068
0.381661,0.97438,0.428755,0.68
0.381622,0.974335,0.428712,0.679932
0.381584,0.97429,0.428669,0.679864
0.381546,0.974245,0.428626,0.679796
0.381508,0.9742,0.428583,0.679728
0.38147,0.974155,0.42854,0.67966
0.381432,0.974111,0.428498,0.679592
0.381394,0.974066,0.428455,0.679524
0.381355,0.974021,0.428412,0.679456
0.381317,0.973976,0.428369,0.679388
0.381279,0.973931,0.428326,0.67932
0.381241,0.973887,0.428283,0.679252
0.381203,0.973842,0.428241,0.679184
0.381165,0.973797,0.428198,0.679116
0.381127,0.973752,0.428155,0.679048
0.381089,0.973707,0.428112,0.67898
0.38105,0.973663,0.428069,0.678912
0.381012,0.973618,0.428026,0.678845
0.380974,0.973573,0.427984,0.678777
0.380936,0.973528,0.427941,0.678709
0.380898,0.973483,0.427898,0.678641
0.38086,0.973438,0.427855,0.678573
0.380822,0.973394,0.427812,0.678505
0.380784,0.973349,0.42777,0.678437
0.380746,0.973304,0.427727,0.67837
0.380708,0.973259,0.427684,0.678302
0.38067,0.973215,0.427641,0.678234
0.380632,0.97317,0.427599,0.678166
0.380593,0.973125,0.427556,0.678098
0.380555,0.97308,0.427513,0.67803
0.380517,0.973035,0.42747,0.677963
0.380479,0.972991,0.427428,0.677895
0.380441,0.972946,0.427385,0.677827
0.380403,0.972901,0.427342,0.677759
0.380365,0.972856,0.427299,0.677691
0.380327,0.972812,0.427257,0.677624
0.380289,0.972767,0.427214,0.677556
0.380251,0.972722,0.427171,0.677488
0.380213,0.972677,0.427129,0.67742
0.380175,0.972633,0.427086,0.677353
0.380137,0.972588,0.427043,0.677285
0.380099,0.972543,0.427,0.677217
0.380061,0.972498,0.426958,0.67715
0.380023,0.972453,0.426915,0.677082
0.379985,0.972409,0.426872,0.677014
0.379947,0.972364,0.42683,0.676946
0.379909,0.972319,0.426787,0.676879
0.379871,0.972275,0.426744,0.676811
0.379833,0.97223,0.426702,0.676743
0.379795,0.972185,0.426659,0.676676
0.379757,0.97214,0.426616,0.676608
0.379719,0.972096,0.426574,0.67654
0.379681,0.972051,0.426531,0.676473
0.379643,0.972006,0.426488,0.676405
0.379605,0.971961,0.426446,0.676337
0.379567,0.971917,0.426403,0.67627
0.379529,0.971872,0.42636,0.676202
0.379491,0.971827,0.426318,0.676135
0.379453,0.971782,0.426275,0.676067
0.379415,0.971738,0.426232,0.675999
0.379377,0.971693,0.42619,0.675932
0.379339,0.971648,0.426147,0.675864
0.379302,0.971604,0.426105,0.675797
0.379264,0.971559,0.426062,0.675729
0.379226,0.971514,0.426019,0.675661
0.379188,0.971469,0.425977,0.675594
0.37915,0.971425,0.425934,0.675526
0.379112,0.97138,0.425892,0.675459
0.379074,0.971335,0.425849,0.675391
0.379036,0.971291,0.425806,0.675324
0.378998,0.971246,0.425764,0.675256
0.37896,0.971201,0.425721,0.675189
0.378922,0.971157,0.425679,0.675121
0.378885,0.971112,0.425636,0.675054
0.378847,0.971067,0.425594,0.674986
0.378809,0.971023,0.425551,0.674919
0.378771,0.970978,0.425508,0.674851
0.378733,0.970933,0.425466,0.674784
0.378695,0.970888,0.425423,0.674716
0.378657,0.970844,0.425381,0.674649
0.378619,0.970799,0.425338,0.674581
0.378582,0.970754,0.425296,0.674514
0.378544,0.97071,0.425253,0.674446
0.378506,0.970665,0.425211,0.674379
0.378468,0.97062,0.425168,0.674311
0.37843,0.970576,0.425126,0.674244
0.378392,0.970531,0.425083,0.674176
0.378354,0.970486,0.425041,0.674109
0.378317,0.970442,0.424998,0.674042
0.378279,0.970397,0.424956,0.673974
0.378241,0.970352,0.424913,0.673907
0.378203,0.970308,0.424871,0.673839
0.378165,0.970263,0.424828,0.673772
0.378127,0.970219,0.424786,0.673705
0.37809,0.970174,0.424743,0.673637
0.378052,0.970129,0.424701,0.67357
0.378014,0.970085,0.424658,0.673503
0.377976,0.97004,0.424616,0.673435
0.377938,0.969995,0.424573,0.673368
0.377901,0.969951,0.424531,0.673301
0.377863,0.969906,0.424488,0.673233
0.377825,0.969861,0.424446,0.673166
0.377787,0.969817,0.424403,0.673099
0.37775,0.969772,0.424361,0.673031
0.377712,0.969728,0.424319,0.672964
0.377674,0.969683,0.424276,0.672897
0.377636,0.969638,0.424234,0.672829
0.377598,0.969594,0.424191,0.672762
0.377561,0.969549,0.424149,0.672695
0.377523,0.969504,0.424106,0.672628
0.377485,0.96946,0.424064,0.67256
0.377447,0.969415,0.424022,0.672493
0.37741,0.969371,0.423979,0.672426
0.377372,0.969326,0.423937,0.672359
0.377334,0.969281,0.423894,0.672291
0.377296,0.969237,0.423852,0.672224
0.377259,0.969192,0.42381,0.672157
0.377221,0.969148,0.423767,0.67209
0.377183,0.969103,0.423725,0.672022
0.377146,0.969058,0.423683,0.671955
0.377108,0.969014,0.42364,0.671888
0.37707,0.968969,0.423598,0.671821
0.377032,0.968925,0.423555,0.671754
0.376995,0.96888,0.423513,0.671686
0.376957,0.968835,0.423471,0.671619
0.376919,0.968791,0.423428,0.671552
0.376882,0.968746,0.423386,0.671485
0.376844,0.968702,0.423344,0.671418
0.376806,0.968657,0.423301,0.671351
0.376769,0.968613,0.423259,0.671284
0.376731,0.968568,0.423217,0.671216
0.376693,0.968523,0.423174,0.671149
0.376656,0.968479,0.423132,0.671082
0.376618,0.968434,0.42309,0.671015
0.37658,0.96839,0.423047,0.670948
0.376543,0.968345,0.423005,0.670881
0.376505,0.968301,0.422963,0.670814
0.376467,0.968256,0.422921,0.670747
0.37643,0.968211,0.422878,0.67068
0.376392,0.968167,0.422836,0.670613
0.376354,0.968122,0.422794,0.670546
0.376317,0.968078,0.422751,0.670478
0.376279,0.968033,0.422709,0.670411
0.376241,0.967989,0.422667,0.670344
0.376204,0.967944,0.422625,0.670277
0.376166,0.9679,0.422582,0.67021
0.376129,0.967855,0.42254,0.670143
0.376091,0.967811,0.422498,0.670076
0.376053,0.967766,0.422456,0.670009
0.376016,0.967721,0.422413,0.669942
0.375978,0.967677,0.422371,0.669875
0.375941,0.967632,0.422329,0.669808
0.375903,0.967588,0.422287,0.669741
0.375865,0.967543,0.422244,0.669674
0.375828,0.967499,0.422202,0.669607
0.37579,0.967454,0.42216,0.66954
0.375753,0.96741,0.422118,0.669473
0.375715,0.967365,0.422076,0.669407
0.375678,0.967321,0.422033,0.66934
0.37564,0.967276,0.421991,0.669273
0.375602,0.967232,0.421949,0.669206
0.375565,0.967187,0.421907,0.669139
0.375527,0.967143,0.421865,0.669072
0.37549,0.967098,0.421822,0.669005
0.375452,0.967054,0.42178,0.668938
0.375415,0.967009,0.421738,0.668871
0.375377,0.966965,0.421696,0.668804
0.37534,0.96692,0.421654,0.668737
0.375302,0.966876,0.421612,0.668671
0.375264,0.966831,0.421569,0.668604
0.375227,0.966787,0.421527,0.668537
0.375189,0.966742,0.421485,0.66847
0.375152,0.966698,0.421443,0.668403
0.375114,0.966653,0.421401,0.668336
0.375077,0.966609,0.421359,0.668269
0.375039,0.966564,0.421316,0.668203
0.375002,0.96652,0.421274,0.668136
0.374964,0.966475,0.421232,0.668069
0.374927,0.966431,0.42119,0.668002
0.374889,0.966386,0.421148,0.667935
0.374852,0.966342,0.421106,0.667869
0.374814,0.966297,0.421064,0.667802
0.374777,0.966253,0.421022,0.667735
0.374739,0.966209,0.42098,0.667668
0.374702,0.966164,0.420937,0.667601
0.374664,0.96612,0.420895,0.667535
0.374627,0.966075,0.420853,0.667468
0.37459,0.966031,0.420811,0.667401
0.374552,0.965986,0.420769,0.667334
0.374515,0.965942,0.420727,0.667268
0.374477,0.965897,0.420685,0.667201
0.37444,0.965853,0.420643,0.667134
0.374402,0.965808,0.420601,0.667068
0.374365,0.965764,0.420559,0.667001
0.374327,0.96572,0.420517,0.666934
0.37429,0.965675,0.420475,0.666867
0.374253,0.965631,0.420433,0.666801
0.374215,0.965586,0.420391,0.666734
0.374178,0.965542,0.420348,0.666667
0.37414,0.965497,0.420306,0.666601
0.374103,0.965453,0.420264,0.666534
0.374065,0.965409,0.420222,0.666467
0.374028,0.965364,0.42018,0.666401
0.373991,0.96532,0.420138,0.666334
0.373953,0.965275,0.420096,0.666268
0.373916,0.965231,0.420054,0.666201
0.373878,0.965186,0.420012,0.666134
0.373841,0.965142,0.41997,0.666068
0.373804,0.965098,0.419928,0.666001
0.373766,0.965053,0.419886,0.665934
0.373729,0.965009,0.419844,0.665868
0.373692,0.964964,0.419802,0.665801
0.373654,0.96492,0.41976,0.665735
0.373617,0.964876,0.419718,0.665668
0.373579,0.964831,0.419676,0.665602
0.373542,0.964787,0.419634,0.665535
0.373505,0.964742,0.419593,0.665468
0.373467,0.964698,0.419551,0.665402
0.37343,0.964654,0.419509,0.665335
0.373393,0.964609,0.419467,0.665269
0.373355,0.964565,0.419425,0.665202
0.373318,0.96452,0.419383,0.665136
0.373281,0.964476,0.419341,0.665069
0.373243,0.964432,0.419299,0.665003
0.373206,0.964387,0.419257,0.664936
0.373169,0.964343,0.419215,0.66487
0.373131,0.964299,0.419173,0.664803
0.373094,0.964254,0.419131,0.664737
0.373057,0.96421,0.419089,0.66467
0.37302,0.964165,0.419047,0.664604
0.372982,0.964121,0.419005,0.664537
0.372945,0.964077,0.418964,0.664471
0.372908,0.964032,0.418922,0.664405
0.37287,0.963988,0.41888,0.664338
0.372833,0.963944,0.418838,0.664272
0.372796,0.963899,0.418796,0.664205
0.372758,0.963855,0.418754,0.664139
0.372721,0.963811,0.418712,0.664072
0.372684,0.963766,0.41867,0.664006
0.372647,0.963722,0.418629,0.66394
0.372609,0.963677,0.418587,0.663873
0.372572,0.963633,0.418545,0.663807
0.372535,0.963589,0.418503,0.66374
0.372498,0.963544,0.418461,0.663674
0.37246,0.9635,0.418419,0.663608
0.372423,0.963456,0.418377,0.663541
0.372386,0.963411,0.418336,0.663475
0.372349,0.963367,0.418294,0.663409
0.372311,0.963323,0.418252,0.663342
0.372274,0.963278,0.41821,0.663276
0.372237,0.963234,0.418168,0.66321
0.3722,0.96319,0.418126,0.663143
0.372163,0.963145,0.418085,0.663077
0.372125,0.963101,0.418043,0.663011
0.372088,0.963057,0.418001,0.662944
0.372051,0.963013,0.417959,0.662878
0.372014,0.962968,0.417917,0.662812
0.371976,0.962924,0.417876,0.662745
0.371939,0.96288,0.417834,0.662679
0.371902,0.962835,0.417792,0.662613
0.371865,0.962791,0.41775,0.662547
0.371828,0.962747,0.417708,0.66248
0.371791,0.962702,0.417667,0.662414
0.371753,0.962658,0.417625,0.662348
0.371716,0.962614,0.417583,0.662282
0.371679,0.962569,0.417541,0.662215
0.371642,0.962525,0.4175,0.662149
0.371605,0.962481,0.417458,0.662083
0.371567,0.962437,0.417416,0.662017
0.37153,0.962392,0.417374,0.661951
0.371493,0.962348,0.417333,0.661884
0.371456,0.962304,0.417291,0.661818
0.371419,0.962259,0.417249,0.661752
0.371382,0.962215,0.417208,0.661686
0.371345,0.962171,0.417166,0.66162
0.371307,0.962127,0.417124,0.661554
0.37127,0.962082,0.417082,0.661487
0.371233,0.962038,0.417041,0.661421
0.371196,0.961994,0.416999,0.661355
0.371159,0.96195,0.416957,0.661289
0.371122,0.961905,0.416916,0.661223
0.371085,0.961861,0.416874,0.661157
0.371048,0.961817,0.416832,0.661091
0.371011,0.961772,0.416791,0.661025
0.370973,0.961728,0.416749,0.660958
0.370936,0.961684,0.416707,0.660892
0.370899,0.96164,0.416665,0.660826
0.370862,0.961595,0.416624,0.66076
0.370825,0.961551,0.416582,0.660694
0.370788,0.961507,0.41654,0.660628
0.370751,0.961463,0.416499,0.660562
0.370714,0.961418,0.416457,0.660496
0.370677,0.961374,0.416416,0.66043
0.37064,0.96133,0.416374,0.660364
0.370603,0.961286,0.416332,0.660298
0.370566,0.961241,0.416291,0.660232
0.370529,0.961197,0.416249,0.660166
0.370491,0.961153,0.416207,0.6601
0.370454,0.961109,0.416166,0.660034
0.370417,0.961065,0.416124,0.659968
0.37038,0.96102,0.416083,0.659902
0.370343,0.960976,0.416041,0.659836
0.370306,0.960932,0.415999,0.65977
0.370269,0.960888,0.415958,0.659704
0.370232,0.960843,0.415916,0.659638
0.370195,0.960799,0.415875,0.659572
0.370158,0.960755,0.415833,0.659506
0.370121,0.960711,0.415791,0.65944
0.370084,0.960667,0.41575,0.659374
0.370047,0.960622,0.415708,0.659308
0.37001,0.960578,0.415667,0.659242
0.369973,0.960534,0.415625,0.659176
0.369936,0.96049,0.415583,0.65911
0.369899,0.960446,0.415542,0.659044
0.369862,0.960401,0.4155,0.658978
0.369825,0.960357,0.415459,0.658912
0.369788,0.960313,0.415417,0.658847
0.369751,0.960269,0.415376,0.658781
0.369714,0.960225,0.415334,0.658715
0.369677,0.96018,0.415293,0.658649
0.36964,0.960136,0.415251,0.658583
0.369603,0.960092,0.41521,0.658517
0.369566,0.960048,0.415168,0.658451
0.369529,0.960004,0.415127,0.658386
0.369492,0.95996,0.415085,0.65832
0.369455,0.959915,0.415044,0.658254
0.369419,0.959871,0.415002,0.658188
0.369382,0.959827,0.414961,0.658122
0.369345,0.959783,0.414919,0.658056
0.369308,0.959739,0.414878,0.657991
0.369271,0.959695,0.414836,0.657925
0.369234,0.95965,0.414795,0.657859
0.369197,0.959606,0.414753,0.657793
0.36916,0.959562,0.414712,0.657727
0.369123,0.959518,0.41467,0.657662
0.369086,0.959474,0.414629,0.657596
0.369049,0.95943,0.414587,0.65753
0.369012,0.959385,0.414546,0.657464
0.368975,0.959341,0.414504,0.657399
0.368939,0.959297,0.414463,0.657333
0.368902,0.959253,0.414421,0.657267
0.368865,0.959209,0.41438,0.657201
0.368828,0.959165,0.414339,0.657136
0.368791,0.959121,0.414297,0.65707
0.368754,0.959076,0.414256,0.657004
0.368717,0.959032,0.414214,0.656939
0.36868,0.958988,0.414173,0.656873
0.368644,0.958944,0.414131,0.656807
0.368607,0.9589,0.41409,0.656742
0.36857,0.958856,0.414049,0.656676
0.368533,0.958812,0.414007,0.65661
0.368496,0.958768,0.413966,0.656545
0.368459,0.958723,0.413924,0.656479
0.368422,0.958679,0.413883,0.656413
0.368386,0.958635,0.413842,0.656348
0.368349,0.958591,0.4138,0.656282
0.368312,0.958547,0.413759,0.656216
0.368275,0.958503,0.413717,0.656151
0.368238,0.958459,0.413676,0.656085
0.368201,0.958415,0.413635,0.65602
0.368165,0.958371,0.413593,0.655954
0.368128,0.958326,0.413552,0.655888
0.368091,0.958282,0.413511,0.655823
0.368054,0.958238,0.413469,0.655757
0.368017,0.958194,0.413428,0.655692
0.367981,0.95815,0.413387,0.655626
0.367944,0.958106,0.413345,0.65556
0.367907,0.958062,0.413304,0.655495
0.36787,0.958018,0.413263,0.655429
0.367833,0.957974,0.413221,0.655364
0.367797,0.95793,0.41318,0.655298
0.36776,0.957886,0.413139,0.655233
0.367723,0.957841,0.413097,0.655167
0.367686,0.957797,0.413056,0.655102
0.367649,0.957753,0.413015,0.655036
0.367613,0.957709,0.412973,0.654971
0.367576,0.957665,0.412932,0.654905
0.367539,0.957621,0.412891,0.65484
0.367502,0.957577,0.41285,0.654774
0.367466,0.957533,0.412808,0.654709
0.367429,0.957489,0.412767,0.654643
0.367392,0.957445,0.412726,0.654578
0.367355,0.957401,0.412684,0.654512
0.367319,0.957357,0.412643,0.654447
0.367282,0.957313,0.412602,0.654381
0.367245,0.957269,0.412561,0.654316
0.367209,0.957225,0.412519,0.654251
0.367172,0.957181,0.412478,0.654185
0.367135,0.957136,0.412437,0.65412
0.367098,0.957092,0.412396,0.654054
0.367062,0.957048,0.412354,0.653989
0.367025,0.957004,0.412313,0.653923
0.366988,0.95696,0.412272,0.653858
0.366952,0.956916,0.412231,0.653793
0.366915,0.956872,0.412189,0.653727
0.366878,0.956828,0.412148,0.653662
0.366842,0.956784,0.412107,0.653597
0.366805,0.95674,0.412066,0.653531
0.366768,0.956696,0.412025,0.653466
0.366731,0.956652,0.411983,0.653401
0.366695,0.956608,0.411942,0.653335
0.366658,0.956564,0.411901,0.65327
0.366621,0.95652,0.41186,0.653205
0.366585,0.956476,0.411819,0.653139
0.366548,0.956432,0.411777,0.653074
0.366511,0.956388,0.411736,0.653009
0.366475,0.956344,0.411695,0.652943
0.366438,0.9563,0.411654,0.652878
0.366402,0.956256,0.411613,0.652813
0.366365,0.956212,0.411572,0.652747
0.366328,0.956168,0.41153,0.652682
0.366292,0.956124,0.411489,0.652617
0.366255,0.95608,0.411448,0.652552
0.366218,0.956036,0.411407,0.652486
0.366182,0.955992,0.411366,0.652421
0.366145,0.955948,0.411325,0.652356
0.366109,0.955904,0.411284,0.652291
0.366072,0.95586,0.411242,0.652225
0.366035,0.955816,0.411201,0.65216
0.365999,0.955772,0.41116,0.652095
0.365962,0.955728,0.411119,0.65203
0.365926,0.955684,0.411078,0.651965
0.365889,0.95564,0.411037,0.651899
0.365852,0.955596,0.410996,0.651834
0.365816,0.955552,0.410955,0.651769
0.365779,0.955508,0.410914,0.651704
0.365743,0.955464,0.410873,0.651639
0.365706,0.95542,0.410831,0.651573
0.365669,0.955376,0.41079,0.651508
0.365633,0.955332,0.410749,0.651443
0.365596,0.955288,0.410708,0.651378
0.36556,0.955244,0.410667,0.651313
0.365523,0.9552,0.410626,0.651248
0.365487,0.955156,0.410585,0.651183
0.36545,0.955113,0.410544,0.651118
0.365414,0.955069,0.410503,0.651052
0.365377,0.955025,0.410462,0.650987
0.36534,0.954981,0.410421,0.650922
0.365304,0.954937,0.41038,0.650857
0.365267,0.954893,0.410339,0.650792
0.365231,0.954849,0.410298,0.650727
0.365194,0.954805,0.410257,0.650662
0.365158,0.954761,0.410216,0.650597
0.365121,0.954717,0.410175,0.650532
0.365085,0.954673,0.410134,0.650467
0.365048,0.954629,0.410093,0.650402
0.365012,0.954585,0.410052,0.650337
0.364975,0.954541,0.410011,0.650272
0.364939,0.954497,0.40997,0.650207
0.364902,0.954453,0.409929,0.650142
0.364866,0.95441,0.409888,0.650077
0.364829,0.954366,0.409847,0.650012
0.364793,0.954322,0.409806,0.649947
0.364756,0.954278,0.409765,0.649882
0.36472,0.954234,0.409724,0.649817
0.364683,0.95419,0.409683,0.649752
0.364647,0.954146,0.409642,0.649687
0.36461,0.954102,0.409601,0.649622
0.364574,0.954058,0.40956,0.649557
